1.000000000000000000e+00
1.046799999999999953e+00
1.094400000000000039e+00
1.145000000000000018e+00
1.191200000000000037e+00
1.237900000000000000e+00
1.279199999999999893e+00
1.322899999999999965e+00
1.362000000000000099e+00
1.410800000000000054e+00
1.452700000000000102e+00
1.483999999999999986e+00
1.527700000000000058e+00
1.560599999999999987e+00
1.595299999999999940e+00
1.621899999999999897e+00
1.652700000000000058e+00
1.681000000000000050e+00
1.705999999999999961e+00
1.729899999999999993e+00
1.757200000000000095e+00
1.781199999999999894e+00
1.808899999999999952e+00
1.827299999999999924e+00
1.840999999999999970e+00
1.856800000000000006e+00
1.869299999999999962e+00
1.884500000000000064e+00
1.900500000000000078e+00
1.914800000000000058e+00
1.934900000000000064e+00
1.947999999999999954e+00
1.948800000000000088e+00
1.957500000000000018e+00
1.972599999999999909e+00
1.976499999999999924e+00
1.984599999999999920e+00
1.986399999999999944e+00
1.977100000000000080e+00
1.977999999999999980e+00
1.988599999999999923e+00
1.990099999999999980e+00
1.987800000000000011e+00
1.993000000000000105e+00
2.004700000000000149e+00
2.008599999999999941e+00
2.012799999999999923e+00
2.015099999999999891e+00
2.014100000000000001e+00
2.018899999999999917e+00
2.021100000000000119e+00
2.030699999999999950e+00
2.042499999999999982e+00
2.044900000000000162e+00
2.050399999999999778e+00
2.047800000000000065e+00
2.048799999999999955e+00
2.050699999999999967e+00
2.043200000000000127e+00
2.039600000000000080e+00
2.041199999999999903e+00
2.037500000000000089e+00
2.042600000000000193e+00
2.047299999999999898e+00
2.049300000000000122e+00
2.048000000000000043e+00
2.048000000000000043e+00
2.045599999999999863e+00
2.049399999999999888e+00
2.050300000000000011e+00
2.053999999999999826e+00
2.056999999999999940e+00
2.060799999999999965e+00
2.050699999999999967e+00
2.047499999999999876e+00
2.051499999999999879e+00
2.042400000000000215e+00
2.044900000000000162e+00
2.047899999999999832e+00
2.049700000000000077e+00
2.050300000000000011e+00
2.042400000000000215e+00
2.040599999999999969e+00
2.039699999999999847e+00
2.049799999999999844e+00
2.052099999999999813e+00
2.048200000000000021e+00
2.043299999999999894e+00
2.045799999999999841e+00
2.046199999999999797e+00
2.045199999999999907e+00
2.047000000000000153e+00
2.051899999999999835e+00
2.045799999999999841e+00
2.044000000000000039e+00
2.046300000000000008e+00
2.036200000000000010e+00
2.038499999999999979e+00
2.038300000000000001e+00
2.042699999999999960e+00
2.041300000000000114e+00
2.049300000000000122e+00
2.053399999999999892e+00
2.055200000000000138e+00
2.051899999999999835e+00
2.055400000000000116e+00
2.052200000000000024e+00
2.066699999999999982e+00
2.065799999999999859e+00
2.069300000000000139e+00
2.076999999999999957e+00
2.080000000000000071e+00
2.067499999999999893e+00
2.067699999999999871e+00
2.060400000000000009e+00
2.060200000000000031e+00
2.065399999999999903e+00
2.065599999999999881e+00
2.058600000000000207e+00
2.057500000000000107e+00
2.053900000000000059e+00
2.055699999999999861e+00
2.071600000000000108e+00
2.082699999999999996e+00
2.078800000000000203e+00
2.076999999999999957e+00
2.080400000000000027e+00
2.069700000000000095e+00
2.066100000000000048e+00
2.064200000000000035e+00
2.057100000000000151e+00
2.059600000000000097e+00
2.053999999999999826e+00
2.051699999999999857e+00
2.048799999999999955e+00
2.047299999999999898e+00
2.062600000000000211e+00
2.058800000000000185e+00
2.058399999999999785e+00
2.064900000000000180e+00
2.058199999999999807e+00
2.058899999999999952e+00
2.061599999999999877e+00
2.059600000000000097e+00
2.056299999999999795e+00
2.063699999999999868e+00
2.061900000000000066e+00
2.056000000000000050e+00
2.057700000000000085e+00
2.053900000000000059e+00
2.052700000000000191e+00
2.049100000000000144e+00
2.051499999999999879e+00
2.054100000000000037e+00
2.046199999999999797e+00
2.044700000000000184e+00
2.049700000000000077e+00
2.042300000000000004e+00
2.043200000000000127e+00
2.044000000000000039e+00
2.053599999999999870e+00
2.068200000000000038e+00
2.054100000000000037e+00
2.050499999999999989e+00
2.051600000000000090e+00
2.046800000000000175e+00
2.043200000000000127e+00
2.051400000000000112e+00
2.034800000000000164e+00
2.034199999999999786e+00
2.034600000000000186e+00
2.031000000000000139e+00
2.035400000000000098e+00
2.028500000000000192e+00
2.026800000000000157e+00
2.033399999999999874e+00
2.026199999999999779e+00
2.032999999999999918e+00
2.029399999999999871e+00
2.027099999999999902e+00
2.030499999999999972e+00
2.032599999999999962e+00
2.030600000000000183e+00
2.025999999999999801e+00
2.017900000000000027e+00
2.008599999999999941e+00
2.008300000000000196e+00
2.011200000000000099e+00
2.012100000000000222e+00
2.015600000000000058e+00
2.011499999999999844e+00
2.011200000000000099e+00
2.016199999999999992e+00
2.007400000000000073e+00
2.002699999999999925e+00
2.011000000000000121e+00
2.013999999999999790e+00
2.016599999999999948e+00
2.024099999999999788e+00
2.018400000000000194e+00
2.015899999999999803e+00
2.027099999999999902e+00
2.021399999999999864e+00
2.017300000000000093e+00
2.024799999999999933e+00
2.020799999999999930e+00
2.009500000000000064e+00
2.011499999999999844e+00
2.027600000000000069e+00
2.023800000000000043e+00
2.015400000000000080e+00
2.021500000000000075e+00
2.005199999999999871e+00
2.012000000000000011e+00
2.007200000000000095e+00
2.009700000000000042e+00
2.005199999999999871e+00
1.989999999999999991e+00
1.993600000000000039e+00
1.992699999999999916e+00
1.989100000000000090e+00
1.987000000000000099e+00
1.986399999999999944e+00
2.009700000000000042e+00
2.003400000000000070e+00
1.998099999999999987e+00
1.999200000000000088e+00
1.997600000000000042e+00
1.989999999999999991e+00
1.998199999999999976e+00
1.997300000000000075e+00
1.996599999999999930e+00
2.004900000000000126e+00
2.010600000000000165e+00
2.016300000000000203e+00
2.023600000000000065e+00
2.016099999999999781e+00
2.020000000000000018e+00
2.025399999999999867e+00
2.026600000000000179e+00
2.029500000000000082e+00
2.026400000000000201e+00
2.026299999999999990e+00
2.027800000000000047e+00
2.017500000000000071e+00
2.027600000000000069e+00
2.022899999999999920e+00
2.028300000000000214e+00
2.018800000000000150e+00
2.017199999999999882e+00
2.019800000000000040e+00
2.009999999999999787e+00
2.001799999999999802e+00
1.999300000000000077e+00
1.990099999999999980e+00
1.989600000000000035e+00
1.996199999999999974e+00
2.001599999999999824e+00
1.986599999999999921e+00
1.987400000000000055e+00
1.973300000000000054e+00
1.967999999999999972e+00
1.978699999999999903e+00
1.971700000000000008e+00
1.976399999999999935e+00
1.984099999999999975e+00
1.994299999999999962e+00
1.995999999999999996e+00
1.989200000000000079e+00
1.986199999999999966e+00
1.977100000000000080e+00
1.977600000000000025e+00
1.971400000000000041e+00
1.966699999999999893e+00
1.956199999999999939e+00
1.960399999999999920e+00
1.955699999999999994e+00
1.958499999999999908e+00
1.959100000000000064e+00
1.951999999999999957e+00
1.951100000000000056e+00
1.954399999999999915e+00
1.951699999999999990e+00
1.955799999999999983e+00
1.954099999999999948e+00
1.951100000000000056e+00
1.954700000000000104e+00
1.940700000000000092e+00
1.952900000000000080e+00
1.947300000000000031e+00
1.949000000000000066e+00
1.951000000000000068e+00
1.943999999999999950e+00
1.943300000000000027e+00
1.939899999999999958e+00
1.933599999999999985e+00
1.923899999999999944e+00
1.933499999999999996e+00
1.928299999999999903e+00
1.931599999999999984e+00
1.927999999999999936e+00
1.932099999999999929e+00
1.931300000000000017e+00
1.929799999999999960e+00
1.930700000000000083e+00
1.936199999999999921e+00
1.929200000000000026e+00
1.930399999999999894e+00
1.930299999999999905e+00
1.935100000000000042e+00
1.934700000000000086e+00
1.936900000000000066e+00
1.944800000000000084e+00
1.934500000000000108e+00
1.937300000000000022e+00
1.934399999999999897e+00
1.938900000000000068e+00
1.951100000000000056e+00
1.957000000000000073e+00
1.947999999999999954e+00
1.954900000000000082e+00
1.947300000000000031e+00
1.939300000000000024e+00
1.926199999999999912e+00
1.925599999999999978e+00
1.929400000000000004e+00
1.921499999999999986e+00
1.928199999999999914e+00
1.934099999999999930e+00
1.942399999999999904e+00
1.944099999999999939e+00
1.940800000000000081e+00
1.943100000000000049e+00
1.946399999999999908e+00
1.951699999999999990e+00
1.949300000000000033e+00
1.946700000000000097e+00
1.941500000000000004e+00
1.938099999999999934e+00
1.936800000000000077e+00
1.936800000000000077e+00
1.947000000000000064e+00
1.940900000000000070e+00
1.946199999999999930e+00
1.951799999999999979e+00
1.947599999999999998e+00
1.945000000000000062e+00
1.950599999999999890e+00
1.946399999999999908e+00
1.941799999999999971e+00
1.944499999999999895e+00
1.936199999999999921e+00
1.938299999999999912e+00
1.937500000000000000e+00
1.927699999999999969e+00
1.915100000000000025e+00
1.909499999999999975e+00
1.908199999999999896e+00
1.895899999999999919e+00
1.895999999999999908e+00
1.891199999999999992e+00
1.888500000000000068e+00
1.883599999999999941e+00
1.889100000000000001e+00
1.893100000000000005e+00
1.895299999999999985e+00
1.885099999999999998e+00
1.883000000000000007e+00
1.878400000000000070e+00
1.884400000000000075e+00
1.887100000000000000e+00
1.887999999999999901e+00
1.890400000000000080e+00
1.898500000000000076e+00
1.902199999999999891e+00
1.891999999999999904e+00
1.886300000000000088e+00
1.881499999999999950e+00
1.881199999999999983e+00
1.877599999999999936e+00
1.886200000000000099e+00
1.891999999999999904e+00
1.894600000000000062e+00
1.888300000000000090e+00
1.884100000000000108e+00
1.878900000000000015e+00
1.864900000000000002e+00
1.875599999999999934e+00
1.875999999999999890e+00
1.871199999999999974e+00
1.875399999999999956e+00
1.874800000000000022e+00
1.856700000000000017e+00
1.858899999999999997e+00
1.864200000000000079e+00
1.867699999999999916e+00
1.864300000000000068e+00
1.853900000000000103e+00
1.856600000000000028e+00
1.859699999999999909e+00
1.859299999999999953e+00
1.864200000000000079e+00
1.853900000000000103e+00
1.860300000000000065e+00
1.857199999999999962e+00
1.850200000000000067e+00
1.850200000000000067e+00
1.859399999999999942e+00
1.856999999999999984e+00
1.861099999999999977e+00
1.866000000000000103e+00
1.864300000000000068e+00
1.859199999999999964e+00
1.850000000000000089e+00
1.859799999999999898e+00
1.853900000000000103e+00
1.850700000000000012e+00
1.848999999999999977e+00
1.848600000000000021e+00
1.848799999999999999e+00
1.847099999999999964e+00
1.839699999999999891e+00
1.840999999999999970e+00
1.844799999999999995e+00
1.840400000000000036e+00
1.840899999999999981e+00
1.839800000000000102e+00
1.835800000000000098e+00
1.841499999999999915e+00
1.852000000000000091e+00
1.841199999999999948e+00
1.831800000000000095e+00
1.832699999999999996e+00
1.833599999999999897e+00
1.822799999999999976e+00
1.823900000000000077e+00
1.821700000000000097e+00
1.818200000000000038e+00
1.827700000000000102e+00
1.836999999999999966e+00
1.837399999999999922e+00
1.835199999999999942e+00
1.846600000000000019e+00
1.841800000000000104e+00
1.840600000000000014e+00
1.834999999999999964e+00
1.842000000000000082e+00
1.839499999999999913e+00
1.834400000000000031e+00
1.831099999999999950e+00
1.827800000000000091e+00
1.828100000000000058e+00
1.816500000000000004e+00
1.814400000000000013e+00
1.814799999999999969e+00
1.811299999999999910e+00
1.811399999999999899e+00
1.814200000000000035e+00
1.814400000000000013e+00
1.813499999999999890e+00
1.812599999999999989e+00
1.813800000000000079e+00
1.804300000000000015e+00
1.800899999999999945e+00
1.803199999999999914e+00
1.804499999999999993e+00
1.795400000000000107e+00
1.799700000000000077e+00
1.804699999999999971e+00
1.809800000000000075e+00
1.807299999999999907e+00
1.802499999999999991e+00
1.808699999999999974e+00
1.814300000000000024e+00
1.812100000000000044e+00
1.811199999999999921e+00
1.811199999999999921e+00
1.806899999999999951e+00
1.793500000000000094e+00
1.792200000000000015e+00
1.796100000000000030e+00
1.798799999999999955e+00
1.786799999999999944e+00
1.789299999999999891e+00
1.791500000000000092e+00
1.791199999999999903e+00
1.792200000000000015e+00
1.790399999999999991e+00
1.785900000000000043e+00
1.790399999999999991e+00
1.787199999999999900e+00
1.779700000000000060e+00
1.776100000000000012e+00
1.774999999999999911e+00
1.772899999999999920e+00
1.766299999999999981e+00
1.770999999999999908e+00
1.768399999999999972e+00
1.765500000000000069e+00
1.762299999999999978e+00
1.764199999999999990e+00
1.771500000000000075e+00
1.764000000000000012e+00
1.763700000000000045e+00
1.747000000000000108e+00
1.747400000000000064e+00
1.739900000000000002e+00
1.736299999999999955e+00
1.746499999999999941e+00
1.742199999999999971e+00
1.737800000000000011e+00
1.731800000000000006e+00
1.738699999999999912e+00
1.741100000000000092e+00
1.750699999999999923e+00
1.748399999999999954e+00
1.747700000000000031e+00
1.744899999999999896e+00
1.739800000000000013e+00
1.727899999999999991e+00
1.721799999999999997e+00
1.727300000000000058e+00
1.724900000000000100e+00
1.727100000000000080e+00
1.727600000000000025e+00
1.726900000000000102e+00
1.715600000000000014e+00
1.714199999999999946e+00
1.707200000000000051e+00
1.707000000000000073e+00
1.696900000000000075e+00
1.703600000000000003e+00
1.708099999999999952e+00
1.703799999999999981e+00
1.710800000000000098e+00
1.712199999999999944e+00
1.714900000000000091e+00
1.715999999999999970e+00
1.713000000000000078e+00
1.715999999999999970e+00
1.725700000000000012e+00
1.718099999999999961e+00
1.718900000000000095e+00
1.716800000000000104e+00
1.709699999999999998e+00
1.705200000000000049e+00
1.703200000000000047e+00
1.688499999999999890e+00
1.691999999999999948e+00
1.701100000000000056e+00
1.696399999999999908e+00
1.697899999999999965e+00
1.700299999999999923e+00
1.694900000000000073e+00
1.687899999999999956e+00
1.691999999999999948e+00
1.691500000000000004e+00
1.691200000000000037e+00
1.678299999999999903e+00
1.680199999999999916e+00
1.681000000000000050e+00
1.684600000000000097e+00
1.684600000000000097e+00
1.679300000000000015e+00
1.685100000000000042e+00
1.684600000000000097e+00
1.677400000000000002e+00
1.667799999999999949e+00
1.669499999999999984e+00
1.659799999999999942e+00
1.654700000000000060e+00
1.654300000000000104e+00
1.655499999999999972e+00
1.663499999999999979e+00
1.665100000000000025e+00
1.661999999999999922e+00
1.666199999999999903e+00
1.656300000000000106e+00
1.648800000000000043e+00
1.648800000000000043e+00
1.652600000000000069e+00
1.651899999999999924e+00
1.649199999999999999e+00
1.641399999999999970e+00
1.633699999999999930e+00
1.633899999999999908e+00
1.638800000000000034e+00
1.637999999999999901e+00
1.639799999999999924e+00
1.642900000000000027e+00
1.636200000000000099e+00
1.636100000000000110e+00
1.641000000000000014e+00
1.635099999999999998e+00
1.624400000000000066e+00
1.625000000000000000e+00
1.623099999999999987e+00
1.614700000000000024e+00
1.614900000000000002e+00
1.611199999999999966e+00
1.609900000000000109e+00
1.612300000000000066e+00
1.601900000000000102e+00
1.604600000000000026e+00
1.590500000000000025e+00
1.590799999999999992e+00
1.589099999999999957e+00
1.594600000000000017e+00
1.587299999999999933e+00
1.585199999999999942e+00
1.588200000000000056e+00
1.585299999999999931e+00
1.593499999999999917e+00
1.586500000000000021e+00
1.587599999999999900e+00
1.590400000000000036e+00
1.583900000000000086e+00
1.588000000000000078e+00
1.579199999999999937e+00
1.573700000000000099e+00
1.568400000000000016e+00
1.564100000000000046e+00
1.558699999999999974e+00
1.563700000000000090e+00
1.563199999999999923e+00
1.564000000000000057e+00
1.561800000000000077e+00
1.560300000000000020e+00
1.560400000000000009e+00
1.560100000000000042e+00
1.560599999999999987e+00
1.554599999999999982e+00
1.547199999999999909e+00
1.545700000000000074e+00
1.542799999999999949e+00
1.545800000000000063e+00
1.544000000000000039e+00
1.554100000000000037e+00
1.553600000000000092e+00
1.552000000000000046e+00
1.549199999999999910e+00
1.543700000000000072e+00
1.540599999999999969e+00
1.540399999999999991e+00
1.536299999999999999e+00
1.532499999999999973e+00
1.532699999999999951e+00
1.534299999999999997e+00
1.540200000000000014e+00
1.530399999999999983e+00
1.533300000000000107e+00
1.528999999999999915e+00
1.532799999999999940e+00
1.531500000000000083e+00
1.526100000000000012e+00
1.526299999999999990e+00
1.517700000000000049e+00
1.521400000000000086e+00
1.523099999999999898e+00
1.518599999999999950e+00
1.526499999999999968e+00
1.521900000000000031e+00
1.520599999999999952e+00
1.514399999999999968e+00
1.509500000000000064e+00
1.506299999999999972e+00
1.505800000000000027e+00
1.502099999999999991e+00
1.496299999999999963e+00
1.490199999999999969e+00
1.488299999999999956e+00
1.487000000000000099e+00
1.484199999999999964e+00
1.480299999999999949e+00
1.481999999999999984e+00
1.481500000000000039e+00
1.479999999999999982e+00
1.474399999999999933e+00
1.470499999999999918e+00
1.474399999999999933e+00
1.484299999999999953e+00
1.482699999999999907e+00
1.485999999999999988e+00
1.485600000000000032e+00
1.489100000000000090e+00
1.481999999999999984e+00
1.481200000000000072e+00
1.478699999999999903e+00
1.493300000000000072e+00
1.485600000000000032e+00
1.482499999999999929e+00
1.485800000000000010e+00
1.487100000000000088e+00
1.481700000000000017e+00
1.468499999999999917e+00
1.462699999999999889e+00
1.453400000000000025e+00
1.448399999999999910e+00
1.448199999999999932e+00
1.453400000000000025e+00
1.457600000000000007e+00
1.463100000000000067e+00
1.464299999999999935e+00
1.457100000000000062e+00
1.450199999999999934e+00
1.447799999999999976e+00
1.440099999999999936e+00
1.441300000000000026e+00
1.434399999999999897e+00
1.424299999999999899e+00
1.419100000000000028e+00
1.422800000000000065e+00
1.410300000000000109e+00
1.404099999999999904e+00
1.411499999999999977e+00
1.406300000000000106e+00
1.403000000000000025e+00
1.410300000000000109e+00
1.403100000000000014e+00
1.401100000000000012e+00
1.398099999999999898e+00
1.386300000000000088e+00
1.375899999999999901e+00
1.375199999999999978e+00
1.374600000000000044e+00
1.366900000000000004e+00
1.366400000000000059e+00
1.375699999999999923e+00
1.369299999999999962e+00
1.366500000000000048e+00
1.368900000000000006e+00
1.368800000000000017e+00
1.366100000000000092e+00
1.358800000000000008e+00
1.362300000000000066e+00
1.365799999999999903e+00
1.364900000000000002e+00
1.353599999999999914e+00
1.351399999999999935e+00
1.336600000000000010e+00
1.334899999999999975e+00
1.337199999999999944e+00
1.333599999999999897e+00
1.332200000000000051e+00
1.332100000000000062e+00
1.338100000000000067e+00
1.348300000000000054e+00
1.356600000000000028e+00
1.364400000000000057e+00
1.365099999999999980e+00
1.366700000000000026e+00
1.364800000000000013e+00
1.355499999999999927e+00
1.348799999999999999e+00
1.353399999999999936e+00
1.356100000000000083e+00
1.353099999999999969e+00
1.348899999999999988e+00
1.351699999999999902e+00
1.348400000000000043e+00
1.350700000000000012e+00
1.351099999999999968e+00
1.354300000000000059e+00
1.347299999999999942e+00
1.340700000000000003e+00
1.341499999999999915e+00
1.334400000000000031e+00
1.327499999999999902e+00
1.323099999999999943e+00
1.320599999999999996e+00
1.324899999999999967e+00
1.325399999999999912e+00
1.328500000000000014e+00
1.321399999999999908e+00
1.324699999999999989e+00
1.325499999999999901e+00
1.329099999999999948e+00
1.329099999999999948e+00
1.331599999999999895e+00
1.335399999999999920e+00
1.335700000000000109e+00
1.337199999999999944e+00
1.329599999999999893e+00
1.323800000000000088e+00
1.323800000000000088e+00
1.328000000000000069e+00
1.321900000000000075e+00
1.324699999999999989e+00
1.322799999999999976e+00
1.326600000000000001e+00
1.328899999999999970e+00
1.321700000000000097e+00
1.318300000000000027e+00
1.307700000000000085e+00
1.301299999999999901e+00
1.301299999999999901e+00
1.295299999999999896e+00
1.294599999999999973e+00
1.297299999999999898e+00
1.294599999999999973e+00
1.288100000000000023e+00
1.283199999999999896e+00
1.274399999999999977e+00
1.268699999999999939e+00
1.263099999999999890e+00
1.256299999999999972e+00
1.254999999999999893e+00
1.251600000000000046e+00
1.248699999999999921e+00
1.249800000000000022e+00
1.254699999999999926e+00
1.248899999999999899e+00
1.240699999999999914e+00
1.242399999999999949e+00
1.239200000000000079e+00
1.238099999999999978e+00
1.230799999999999894e+00
1.231300000000000061e+00
1.230099999999999971e+00
1.234799999999999898e+00
1.227500000000000036e+00
1.231100000000000083e+00
1.234299999999999953e+00
1.227500000000000036e+00
1.227800000000000002e+00
1.216900000000000093e+00
1.222099999999999964e+00
1.214499999999999913e+00
1.211400000000000032e+00
1.212599999999999900e+00
1.206499999999999906e+00
1.208499999999999908e+00
1.211500000000000021e+00
1.216900000000000093e+00
1.215999999999999970e+00
1.218800000000000106e+00
1.218099999999999961e+00
1.216599999999999904e+00
1.216299999999999937e+00
1.214199999999999946e+00
1.215500000000000025e+00
1.213700000000000001e+00
1.207899999999999974e+00
1.213300000000000045e+00
1.214299999999999935e+00
1.208199999999999941e+00
1.211100000000000065e+00
1.214099999999999957e+00
1.215899999999999981e+00
1.215899999999999981e+00
1.215799999999999992e+00
1.208499999999999908e+00
1.197599999999999998e+00
1.196499999999999897e+00
1.193400000000000016e+00
1.191300000000000026e+00
1.184399999999999897e+00
1.179899999999999949e+00
1.178800000000000070e+00
1.169799999999999951e+00
1.172700000000000076e+00
1.169499999999999984e+00
1.179100000000000037e+00
1.179599999999999982e+00
1.171499999999999986e+00
1.173300000000000010e+00
1.171100000000000030e+00
1.163200000000000012e+00
1.157699999999999951e+00
1.157699999999999951e+00
1.153399999999999981e+00
1.147599999999999953e+00
1.144099999999999895e+00
1.140500000000000069e+00
1.137699999999999934e+00
1.137199999999999989e+00
1.130400000000000071e+00
1.131799999999999917e+00
1.125000000000000000e+00
1.130900000000000016e+00
1.132600000000000051e+00
1.118600000000000039e+00
1.113699999999999912e+00
1.115099999999999980e+00
1.113099999999999978e+00
1.111799999999999899e+00
1.110000000000000098e+00
1.104400000000000048e+00
1.108600000000000030e+00
1.110200000000000076e+00
1.112500000000000044e+00
1.116600000000000037e+00
1.115099999999999980e+00
1.112999999999999989e+00
1.106500000000000039e+00
1.105199999999999960e+00
1.098999999999999977e+00
1.090899999999999981e+00
1.095499999999999918e+00
1.087900000000000089e+00
1.085399999999999920e+00
1.088000000000000078e+00
1.084300000000000042e+00
1.080200000000000049e+00
1.074000000000000066e+00
1.073399999999999910e+00
1.072899999999999965e+00
1.073099999999999943e+00
1.069600000000000106e+00
1.062599999999999989e+00
1.054999999999999938e+00
1.046599999999999975e+00
1.051199999999999912e+00
1.051199999999999912e+00
1.044999999999999929e+00
1.039299999999999891e+00
1.034399999999999986e+00
1.033099999999999907e+00
1.031900000000000039e+00
1.026899999999999924e+00
1.021500000000000075e+00
1.026399999999999979e+00
1.025800000000000045e+00
1.026999999999999913e+00
1.033900000000000041e+00
1.030899999999999928e+00
1.023500000000000076e+00
1.021300000000000097e+00
1.021300000000000097e+00
1.019900000000000029e+00
1.017400000000000082e+00
1.014699999999999935e+00
1.008899999999999908e+00
1.013099999999999890e+00
1.011200000000000099e+00
1.013500000000000068e+00
1.012999999999999901e+00
1.015600000000000058e+00
1.018100000000000005e+00
1.013400000000000079e+00
1.006299999999999972e+00
1.003700000000000037e+00
9.981999999999999762e-01
9.968000000000000194e-01
9.862999999999999545e-01
9.820999999999999730e-01
9.838000000000000078e-01
9.767000000000000126e-01
9.762999999999999456e-01
9.747999999999999998e-01
9.752999999999999448e-01
9.761999999999999567e-01
9.747999999999999998e-01
9.695000000000000284e-01
9.680999999999999606e-01
9.613000000000000433e-01
9.535000000000000142e-01
9.547999999999999821e-01
9.580999999999999517e-01
9.602000000000000535e-01
9.479999999999999538e-01
9.469999999999999529e-01
9.431000000000000494e-01
9.415000000000000036e-01
9.365999999999999881e-01
9.354000000000000092e-01
9.317999999999999616e-01
9.333000000000000185e-01
9.304999999999999938e-01
9.246999999999999664e-01
9.181000000000000272e-01
9.180000000000000382e-01
9.159000000000000474e-01
9.115999999999999659e-01
9.129000000000000448e-01
9.090000000000000302e-01
9.131000000000000227e-01
9.122000000000000108e-01
9.123999999999999888e-01
9.015999999999999570e-01
8.941000000000000059e-01
8.960000000000000187e-01
8.931000000000000050e-01
8.870999999999999996e-01
8.822999999999999732e-01
8.834999999999999520e-01
8.838000000000000300e-01
8.860999999999999988e-01
8.841999999999999860e-01
8.823999999999999622e-01
8.800999999999999934e-01
8.759000000000000119e-01
8.716000000000000414e-01
8.718000000000000194e-01
8.725000000000000533e-01
8.750000000000000000e-01
8.737000000000000322e-01
8.670999999999999819e-01
8.668000000000000149e-01
8.627000000000000224e-01
8.584000000000000519e-01
8.475000000000000311e-01
8.476000000000000201e-01
8.440999999999999615e-01
8.496000000000000218e-01
8.497000000000000108e-01
8.479999999999999760e-01
8.459999999999999742e-01
8.471999999999999531e-01
8.431999999999999496e-01
8.426000000000000156e-01
8.404000000000000359e-01
8.349999999999999645e-01
8.348999999999999755e-01
8.326999999999999957e-01
8.350999999999999535e-01
8.336999999999999966e-01
8.319999999999999618e-01
8.267999999999999794e-01
8.276000000000000023e-01
8.192000000000000393e-01
8.224000000000000199e-01
8.126999999999999780e-01
8.107999999999999652e-01
8.048999999999999488e-01
8.035999999999999810e-01
8.048999999999999488e-01
8.065999999999999837e-01
8.014999999999999902e-01
8.006999999999999673e-01
7.995999999999999774e-01
7.942000000000000171e-01
7.956999999999999629e-01
7.945999999999999730e-01
7.923999999999999932e-01
7.890000000000000346e-01
7.822999999999999954e-01
7.849000000000000421e-01
7.843999999999999861e-01
7.786999999999999478e-01
7.782999999999999918e-01
7.744999999999999662e-01
7.694999999999999618e-01
7.728000000000000425e-01
7.661000000000000032e-01
7.671000000000000041e-01
7.593999999999999639e-01
7.546000000000000485e-01
7.538000000000000256e-01
7.479000000000000092e-01
7.510999999999999899e-01
7.486000000000000432e-01
7.486000000000000432e-01
7.469999999999999973e-01
7.478000000000000203e-01
7.405000000000000471e-01
7.387000000000000233e-01
7.345000000000000417e-01
7.309999999999999831e-01
7.338000000000000078e-01
7.278000000000000025e-01
7.276000000000000245e-01
7.245000000000000329e-01
7.236000000000000210e-01
7.230999999999999650e-01
7.177000000000000046e-01
7.147999999999999909e-01
7.143000000000000460e-01
7.064000000000000279e-01
7.079999999999999627e-01
7.060999999999999499e-01
7.000999999999999446e-01
6.942000000000000393e-01
6.925999999999999934e-01
6.793000000000000149e-01
6.785999999999999810e-01
6.756999999999999673e-01
6.758999999999999453e-01
6.695999999999999730e-01
6.714999999999999858e-01
6.696999999999999620e-01
6.704999999999999849e-01
6.677999999999999492e-01
6.691000000000000281e-01
6.642000000000000126e-01
6.621000000000000218e-01
6.586999999999999522e-01
6.603999999999999870e-01
6.570000000000000284e-01
6.523999999999999799e-01
6.435999999999999499e-01
6.435999999999999499e-01
6.395999999999999464e-01
6.387000000000000455e-01
6.404999999999999583e-01
6.357000000000000428e-01
6.336000000000000520e-01
6.327000000000000401e-01
6.263999999999999568e-01
6.242999999999999661e-01
6.187000000000000277e-01
6.131999999999999673e-01
6.141999999999999682e-01
6.155000000000000471e-01
6.228000000000000203e-01
6.271999999999999797e-01
6.270000000000000018e-01
6.193999999999999506e-01
6.165000000000000480e-01
6.132999999999999563e-01
6.068999999999999950e-01
6.101999999999999647e-01
6.104000000000000536e-01
6.059999999999999831e-01
5.997999999999999998e-01
5.970999999999999641e-01
5.981999999999999540e-01
5.891999999999999460e-01
5.846000000000000085e-01
5.780999999999999472e-01
5.746999999999999886e-01
5.684000000000000163e-01
5.667999999999999705e-01
5.694000000000000172e-01
5.699999999999999512e-01
5.661000000000000476e-01
5.605999999999999872e-01
5.557999999999999607e-01
5.520000000000000462e-01
5.503000000000000114e-01
5.524000000000000021e-01
5.432000000000000162e-01
5.424999999999999822e-01
5.420000000000000373e-01
5.356999999999999540e-01
5.338000000000000522e-01
5.316999999999999504e-01
5.262000000000000011e-01
5.283999999999999808e-01
5.296999999999999487e-01
5.281000000000000139e-01
5.273999999999999799e-01
5.272999999999999909e-01
5.302000000000000046e-01
5.298000000000000487e-01
5.189000000000000279e-01
5.219000000000000306e-01
5.155999999999999472e-01
5.200000000000000178e-01
5.172999999999999821e-01
5.138000000000000345e-01
5.116000000000000547e-01
5.090000000000000080e-01
5.082999999999999741e-01
5.090999999999999970e-01
5.057000000000000384e-01
5.090999999999999970e-01
5.078000000000000291e-01
5.106000000000000538e-01
5.138000000000000345e-01
5.110000000000000098e-01
5.102999999999999758e-01
5.084999999999999520e-01
5.104999999999999538e-01
5.078000000000000291e-01
5.100000000000000089e-01
5.034999999999999476e-01
4.978000000000000203e-01
4.990999999999999881e-01
4.969999999999999973e-01
4.989000000000000101e-01
4.939999999999999947e-01
4.892000000000000237e-01
4.885999999999999788e-01
4.844999999999999862e-01
4.788999999999999924e-01
4.772000000000000131e-01
4.754999999999999782e-01
4.727000000000000091e-01
4.702999999999999958e-01
4.708999999999999853e-01
4.682000000000000051e-01
4.663999999999999813e-01
4.590000000000000191e-01
4.534000000000000252e-01
4.470999999999999974e-01
4.410999999999999921e-01
4.413000000000000256e-01
4.415000000000000036e-01
4.364000000000000101e-01
4.415000000000000036e-01
4.375999999999999890e-01
4.309000000000000052e-01
4.302000000000000268e-01
4.289000000000000035e-01
4.313000000000000167e-01
4.294999999999999929e-01
4.264000000000000012e-01
4.255999999999999783e-01
4.213000000000000078e-01
4.203999999999999959e-01
4.171000000000000263e-01
4.163999999999999924e-01
4.133000000000000007e-01
4.113999999999999879e-01
4.101000000000000201e-01
4.042000000000000037e-01
4.033999999999999808e-01
4.016000000000000125e-01
4.038999999999999813e-01
4.038999999999999813e-01
4.022999999999999909e-01
4.047999999999999932e-01
4.084999999999999742e-01
4.111000000000000210e-01
4.143999999999999906e-01
4.117000000000000104e-01
4.092000000000000082e-01
4.027000000000000024e-01
4.002000000000000002e-01
3.937999999999999834e-01
3.892999999999999794e-01
3.881000000000000005e-01
3.829000000000000181e-01
3.791999999999999815e-01
3.753000000000000225e-01
3.708000000000000185e-01
3.714999999999999969e-01
3.663000000000000145e-01
3.670999999999999819e-01
3.675999999999999823e-01
3.673000000000000154e-01
3.674000000000000044e-01
3.635999999999999788e-01
3.640999999999999792e-01
3.590999999999999748e-01
3.588000000000000078e-01
3.583000000000000074e-01
3.578000000000000069e-01
3.528999999999999915e-01
3.529999999999999805e-01
3.519999999999999796e-01
3.501000000000000223e-01
3.471000000000000196e-01
3.438999999999999835e-01
3.361000000000000099e-01
3.346000000000000085e-01
3.332999999999999852e-01
3.313999999999999724e-01
3.261999999999999900e-01
3.244000000000000217e-01
3.220000000000000084e-01
3.235999999999999988e-01
3.240000000000000102e-01
3.205000000000000071e-01
3.190999999999999948e-01
3.143000000000000238e-01
3.109999999999999987e-01
3.086999999999999744e-01
3.055999999999999828e-01
3.045999999999999819e-01
3.038000000000000145e-01
3.002000000000000224e-01
2.979999999999999871e-01
2.943000000000000060e-01
2.963000000000000078e-01
2.902000000000000135e-01
2.883000000000000007e-01
2.867999999999999994e-01
2.832999999999999963e-01
2.827000000000000068e-01
2.802999999999999936e-01
2.741000000000000103e-01
2.716999999999999971e-01
2.681000000000000050e-01
2.646999999999999909e-01
2.631999999999999895e-01
2.647999999999999798e-01
2.684000000000000274e-01
2.666000000000000036e-01
2.665000000000000147e-01
2.660000000000000142e-01
2.651000000000000023e-01
2.624000000000000221e-01
2.617999999999999772e-01
2.590000000000000080e-01
2.575999999999999956e-01
2.582999999999999741e-01
2.572999999999999732e-01
2.560999999999999943e-01
2.524000000000000132e-01
2.495999999999999885e-01
2.470999999999999863e-01
2.459999999999999964e-01
2.474999999999999978e-01
2.437000000000000000e-01
2.401000000000000079e-01
2.399999999999999911e-01
2.429999999999999938e-01
2.391000000000000070e-01
2.378000000000000114e-01
2.359999999999999876e-01
2.326999999999999902e-01
2.368000000000000105e-01
2.338999999999999968e-01
2.340000000000000135e-01
2.348000000000000087e-01
2.295000000000000095e-01
2.305999999999999994e-01
2.250000000000000056e-01
2.248999999999999888e-01
2.283999999999999919e-01
2.278999999999999915e-01
2.258000000000000007e-01
2.209000000000000130e-01
2.175999999999999879e-01
2.146000000000000130e-01
2.156000000000000139e-01
2.147000000000000020e-01
2.157999999999999918e-01
2.152999999999999914e-01
2.121000000000000107e-01
2.109000000000000041e-01
2.088000000000000134e-01
2.109000000000000041e-01
2.083000000000000129e-01
2.089000000000000024e-01
2.079000000000000015e-01
2.053999999999999992e-01
1.988000000000000045e-01
1.958000000000000018e-01
1.942000000000000115e-01
1.882999999999999952e-01
1.862999999999999934e-01
1.837000000000000022e-01
1.829000000000000070e-01
1.812999999999999889e-01
1.801000000000000101e-01
1.778000000000000136e-01
1.753000000000000114e-01
1.696999999999999897e-01
1.710000000000000131e-01
1.691000000000000003e-01
1.693999999999999950e-01
1.698999999999999955e-01
1.675000000000000100e-01
1.658000000000000029e-01
1.643000000000000016e-01
1.643000000000000016e-01
1.612000000000000099e-01
1.600999999999999923e-01
1.559000000000000108e-01
1.565999999999999892e-01
1.555999999999999883e-01
1.559999999999999998e-01
1.557999999999999940e-01
1.535999999999999865e-01
1.537999999999999923e-01
1.534000000000000086e-01
1.519999999999999962e-01
1.504999999999999949e-01
1.497999999999999887e-01
1.444999999999999896e-01
1.423999999999999988e-01
1.408999999999999975e-01
1.386999999999999900e-01
1.335000000000000075e-01
1.312000000000000111e-01
1.312000000000000111e-01
1.285000000000000031e-01
1.264000000000000123e-01
1.247999999999999943e-01
1.228999999999999954e-01
1.226000000000000006e-01
1.221000000000000002e-01
1.203000000000000042e-01
1.180999999999999966e-01
1.156999999999999973e-01
1.122999999999999970e-01
1.126999999999999946e-01
1.096000000000000030e-01
1.087000000000000050e-01
1.068000000000000060e-01
1.053000000000000047e-01
1.048999999999999932e-01
1.050999999999999990e-01
1.038000000000000034e-01
1.039000000000000062e-01
1.019000000000000045e-01
1.008000000000000007e-01
9.890000000000000180e-02
9.890000000000000180e-02
9.859999999999999321e-02
9.639999999999999958e-02
9.130000000000000615e-02
9.089999999999999469e-02
8.939999999999999336e-02
8.649999999999999356e-02
8.309999999999999332e-02
8.279999999999999860e-02
8.219999999999999529e-02
8.140000000000000013e-02
7.860000000000000320e-02
7.689999999999999614e-02
7.820000000000000562e-02
7.620000000000000384e-02
7.230000000000000315e-02
7.069999999999999896e-02
6.940000000000000335e-02
6.740000000000000158e-02
6.469999999999999363e-02
6.400000000000000133e-02
6.360000000000000375e-02
6.260000000000000286e-02
6.350000000000000089e-02
6.189999999999999669e-02
6.119999999999999746e-02
5.990000000000000185e-02
5.970000000000000306e-02
5.899999999999999689e-02
5.870000000000000218e-02
5.750000000000000250e-02
5.949999999999999734e-02
5.770000000000000129e-02
5.739999999999999963e-02
5.569999999999999951e-02
5.539999999999999786e-02
5.519999999999999907e-02
5.430000000000000104e-02
5.290000000000000258e-02
5.360000000000000181e-02
5.430000000000000104e-02
5.410000000000000225e-02
5.480000000000000149e-02
5.500000000000000028e-02
5.550000000000000072e-02
5.299999999999999850e-02
5.149999999999999717e-02
5.079999999999999793e-02
5.090000000000000080e-02
4.939999999999999947e-02
4.789999999999999813e-02
4.789999999999999813e-02
4.700000000000000011e-02
4.610000000000000209e-02
4.429999999999999910e-02
4.229999999999999732e-02
4.240000000000000019e-02
4.070000000000000007e-02
3.960000000000000325e-02
3.950000000000000039e-02
3.740000000000000269e-02
3.780000000000000027e-02
3.660000000000000059e-02
3.370000000000000079e-02
3.169999999999999901e-02
3.160000000000000309e-02
3.090000000000000038e-02
3.090000000000000038e-02
3.119999999999999857e-02
2.999999999999999889e-02
2.980000000000000010e-02
3.009999999999999828e-02
2.970000000000000070e-02
2.949999999999999845e-02
2.879999999999999921e-02
2.790000000000000119e-02
2.779999999999999832e-02
2.779999999999999832e-02
2.719999999999999848e-02
2.690000000000000030e-02
2.469999999999999973e-02
2.330000000000000127e-02
2.170000000000000054e-02
2.139999999999999888e-02
2.100000000000000130e-02
1.930000000000000118e-02
1.949999999999999997e-02
1.870000000000000134e-02
1.849999999999999908e-02
1.930000000000000118e-02
1.919999999999999832e-02
1.919999999999999832e-02
1.909999999999999892e-02
1.930000000000000118e-02
1.859999999999999848e-02
1.720000000000000001e-02
1.619999999999999912e-02
1.529999999999999936e-02
1.409999999999999969e-02
1.420000000000000082e-02
1.379999999999999977e-02
1.250000000000000069e-02
1.260000000000000009e-02
1.260000000000000009e-02
1.329999999999999932e-02
1.260000000000000009e-02
1.230000000000000017e-02
1.170000000000000033e-02
1.159999999999999920e-02
1.119999999999999989e-02
1.099999999999999936e-02
1.119999999999999989e-02
1.119999999999999989e-02
1.110000000000000049e-02
1.039999999999999952e-02
1.039999999999999952e-02
9.100000000000000450e-03
8.800000000000000530e-03
8.600000000000000006e-03
7.900000000000000772e-03
7.700000000000000247e-03
8.000000000000000167e-03
7.300000000000000065e-03
7.499999999999999722e-03
6.799999999999999621e-03
6.400000000000000307e-03
7.100000000000000408e-03
7.100000000000000408e-03
6.799999999999999621e-03
6.499999999999999702e-03
6.000000000000000125e-03
5.799999999999999600e-03
5.899999999999999863e-03
5.499999999999999681e-03
6.100000000000000387e-03
5.700000000000000205e-03
5.700000000000000205e-03
4.899999999999999842e-03
4.799999999999999580e-03
4.899999999999999842e-03
4.899999999999999842e-03
4.499999999999999660e-03
4.599999999999999922e-03
4.199999999999999740e-03
4.199999999999999740e-03
4.000000000000000083e-03
4.100000000000000346e-03
3.599999999999999901e-03
4.100000000000000346e-03
4.199999999999999740e-03
4.400000000000000265e-03
4.199999999999999740e-03
4.199999999999999740e-03
4.100000000000000346e-03
3.700000000000000164e-03
3.700000000000000164e-03
3.399999999999999811e-03
3.500000000000000073e-03
3.200000000000000153e-03
3.099999999999999891e-03
2.599999999999999881e-03
2.500000000000000052e-03
2.700000000000000143e-03
2.500000000000000052e-03
2.200000000000000133e-03
2.000000000000000042e-03
2.099999999999999870e-03
2.099999999999999870e-03
2.000000000000000042e-03
1.899999999999999996e-03
1.600000000000000077e-03
1.000000000000000021e-03
1.000000000000000021e-03
8.999999999999999754e-04
6.999999999999999929e-04
5.000000000000000104e-04
5.000000000000000104e-04
6.999999999999999929e-04
5.999999999999999474e-04
5.000000000000000104e-04
5.999999999999999474e-04
5.999999999999999474e-04
6.999999999999999929e-04
5.999999999999999474e-04
5.000000000000000104e-04
4.000000000000000192e-04
4.000000000000000192e-04
4.000000000000000192e-04
5.999999999999999474e-04
5.000000000000000104e-04
5.000000000000000104e-04
5.000000000000000104e-04
5.000000000000000104e-04
5.000000000000000104e-04
2.999999999999999737e-04
2.999999999999999737e-04
4.000000000000000192e-04
5.000000000000000104e-04
4.000000000000000192e-04
5.000000000000000104e-04
4.000000000000000192e-04
4.000000000000000192e-04
4.000000000000000192e-04
2.999999999999999737e-04
2.999999999999999737e-04
2.999999999999999737e-04
2.000000000000000096e-04
2.000000000000000096e-04
2.000000000000000096e-04
2.000000000000000096e-04
1.000000000000000048e-04
1.000000000000000048e-04
1.000000000000000048e-04
0.000000000000000000e+00
0.000000000000000000e+00
0.000000000000000000e+00
0.000000000000000000e+00
0.000000000000000000e+00
0.000000000000000000e+00
0.000000000000000000e+00
0.000000000000000000e+00
0.000000000000000000e+00
0.000000000000000000e+00
0.000000000000000000e+00
0.000000000000000000e+00
0.000000000000000000e+00
0.000000000000000000e+00
0.000000000000000000e+00
0.000000000000000000e+00
0.000000000000000000e+00
0.000000000000000000e+00
0.000000000000000000e+00
0.000000000000000000e+00
0.000000000000000000e+00
0.000000000000000000e+00
0.000000000000000000e+00
0.000000000000000000e+00
0.000000000000000000e+00
0.000000000000000000e+00
0.000000000000000000e+00
0.000000000000000000e+00
0.000000000000000000e+00
0.000000000000000000e+00
0.000000000000000000e+00
0.000000000000000000e+00
0.000000000000000000e+00
0.000000000000000000e+00
0.000000000000000000e+00
0.000000000000000000e+00
0.000000000000000000e+00
0.000000000000000000e+00
0.000000000000000000e+00
0.000000000000000000e+00
0.000000000000000000e+00
0.000000000000000000e+00
0.000000000000000000e+00
0.000000000000000000e+00
0.000000000000000000e+00
0.000000000000000000e+00
0.000000000000000000e+00
0.000000000000000000e+00
0.000000000000000000e+00
0.000000000000000000e+00
0.000000000000000000e+00
0.000000000000000000e+00
0.000000000000000000e+00
0.000000000000000000e+00
0.000000000000000000e+00
0.000000000000000000e+00
0.000000000000000000e+00
0.000000000000000000e+00
0.000000000000000000e+00
0.000000000000000000e+00
0.000000000000000000e+00
0.000000000000000000e+00
0.000000000000000000e+00
0.000000000000000000e+00
0.000000000000000000e+00
0.000000000000000000e+00
0.000000000000000000e+00
0.000000000000000000e+00
0.000000000000000000e+00
0.000000000000000000e+00
0.000000000000000000e+00
0.000000000000000000e+00
0.000000000000000000e+00
0.000000000000000000e+00
0.000000000000000000e+00
0.000000000000000000e+00
0.000000000000000000e+00
0.000000000000000000e+00
0.000000000000000000e+00
0.000000000000000000e+00
0.000000000000000000e+00
0.000000000000000000e+00
0.000000000000000000e+00
0.000000000000000000e+00
0.000000000000000000e+00
0.000000000000000000e+00
0.000000000000000000e+00
0.000000000000000000e+00
0.000000000000000000e+00
0.000000000000000000e+00
0.000000000000000000e+00
0.000000000000000000e+00
0.000000000000000000e+00
0.000000000000000000e+00
0.000000000000000000e+00
0.000000000000000000e+00
0.000000000000000000e+00
0.000000000000000000e+00
0.000000000000000000e+00
0.000000000000000000e+00
0.000000000000000000e+00
0.000000000000000000e+00
0.000000000000000000e+00
0.000000000000000000e+00
0.000000000000000000e+00
0.000000000000000000e+00
0.000000000000000000e+00
0.000000000000000000e+00
0.000000000000000000e+00
0.000000000000000000e+00
0.000000000000000000e+00
0.000000000000000000e+00
0.000000000000000000e+00
0.000000000000000000e+00
0.000000000000000000e+00
0.000000000000000000e+00
0.000000000000000000e+00
0.000000000000000000e+00
0.000000000000000000e+00
0.000000000000000000e+00
0.000000000000000000e+00
0.000000000000000000e+00
0.000000000000000000e+00
0.000000000000000000e+00
0.000000000000000000e+00
0.000000000000000000e+00
0.000000000000000000e+00
0.000000000000000000e+00
0.000000000000000000e+00
0.000000000000000000e+00
0.000000000000000000e+00
0.000000000000000000e+00
0.000000000000000000e+00
0.000000000000000000e+00
0.000000000000000000e+00
0.000000000000000000e+00
0.000000000000000000e+00
0.000000000000000000e+00
0.000000000000000000e+00
0.000000000000000000e+00
0.000000000000000000e+00
0.000000000000000000e+00
0.000000000000000000e+00
0.000000000000000000e+00
0.000000000000000000e+00
0.000000000000000000e+00
0.000000000000000000e+00
0.000000000000000000e+00
0.000000000000000000e+00
0.000000000000000000e+00
0.000000000000000000e+00
0.000000000000000000e+00
0.000000000000000000e+00
0.000000000000000000e+00
0.000000000000000000e+00
0.000000000000000000e+00
0.000000000000000000e+00
0.000000000000000000e+00
0.000000000000000000e+00
0.000000000000000000e+00
0.000000000000000000e+00
0.000000000000000000e+00
0.000000000000000000e+00
0.000000000000000000e+00
0.000000000000000000e+00
0.000000000000000000e+00
0.000000000000000000e+00
0.000000000000000000e+00
0.000000000000000000e+00
0.000000000000000000e+00
0.000000000000000000e+00
0.000000000000000000e+00
0.000000000000000000e+00
0.000000000000000000e+00
0.000000000000000000e+00
0.000000000000000000e+00
0.000000000000000000e+00
0.000000000000000000e+00
0.000000000000000000e+00
0.000000000000000000e+00
0.000000000000000000e+00
0.000000000000000000e+00
0.000000000000000000e+00
0.000000000000000000e+00
0.000000000000000000e+00
0.000000000000000000e+00
0.000000000000000000e+00
0.000000000000000000e+00
0.000000000000000000e+00
0.000000000000000000e+00
0.000000000000000000e+00
0.000000000000000000e+00
0.000000000000000000e+00
0.000000000000000000e+00
0.000000000000000000e+00
0.000000000000000000e+00
0.000000000000000000e+00
0.000000000000000000e+00
0.000000000000000000e+00
0.000000000000000000e+00
0.000000000000000000e+00
0.000000000000000000e+00
0.000000000000000000e+00
0.000000000000000000e+00
0.000000000000000000e+00
0.000000000000000000e+00
0.000000000000000000e+00
0.000000000000000000e+00
0.000000000000000000e+00
0.000000000000000000e+00
0.000000000000000000e+00
0.000000000000000000e+00
0.000000000000000000e+00
0.000000000000000000e+00
0.000000000000000000e+00
0.000000000000000000e+00
0.000000000000000000e+00
0.000000000000000000e+00
0.000000000000000000e+00
0.000000000000000000e+00
0.000000000000000000e+00
0.000000000000000000e+00
0.000000000000000000e+00
0.000000000000000000e+00
0.000000000000000000e+00
0.000000000000000000e+00
0.000000000000000000e+00
0.000000000000000000e+00
0.000000000000000000e+00
0.000000000000000000e+00
0.000000000000000000e+00
0.000000000000000000e+00
0.000000000000000000e+00
0.000000000000000000e+00
0.000000000000000000e+00
0.000000000000000000e+00
0.000000000000000000e+00
0.000000000000000000e+00
0.000000000000000000e+00
0.000000000000000000e+00
0.000000000000000000e+00
0.000000000000000000e+00
0.000000000000000000e+00
0.000000000000000000e+00
0.000000000000000000e+00
0.000000000000000000e+00
0.000000000000000000e+00
0.000000000000000000e+00
0.000000000000000000e+00
0.000000000000000000e+00
0.000000000000000000e+00
0.000000000000000000e+00
0.000000000000000000e+00
0.000000000000000000e+00
0.000000000000000000e+00
0.000000000000000000e+00
0.000000000000000000e+00
0.000000000000000000e+00
0.000000000000000000e+00
0.000000000000000000e+00
0.000000000000000000e+00
0.000000000000000000e+00
0.000000000000000000e+00
0.000000000000000000e+00
0.000000000000000000e+00
0.000000000000000000e+00
0.000000000000000000e+00
0.000000000000000000e+00
0.000000000000000000e+00
0.000000000000000000e+00
0.000000000000000000e+00
0.000000000000000000e+00
0.000000000000000000e+00
0.000000000000000000e+00
0.000000000000000000e+00
0.000000000000000000e+00
0.000000000000000000e+00
0.000000000000000000e+00
0.000000000000000000e+00
0.000000000000000000e+00
0.000000000000000000e+00
0.000000000000000000e+00
0.000000000000000000e+00
0.000000000000000000e+00
0.000000000000000000e+00
0.000000000000000000e+00
0.000000000000000000e+00
0.000000000000000000e+00
0.000000000000000000e+00
0.000000000000000000e+00
0.000000000000000000e+00
0.000000000000000000e+00
0.000000000000000000e+00
0.000000000000000000e+00
0.000000000000000000e+00
0.000000000000000000e+00
0.000000000000000000e+00
0.000000000000000000e+00
0.000000000000000000e+00
0.000000000000000000e+00
0.000000000000000000e+00
0.000000000000000000e+00
0.000000000000000000e+00
0.000000000000000000e+00
0.000000000000000000e+00
0.000000000000000000e+00
0.000000000000000000e+00
0.000000000000000000e+00
0.000000000000000000e+00
0.000000000000000000e+00
0.000000000000000000e+00
0.000000000000000000e+00
0.000000000000000000e+00
0.000000000000000000e+00
0.000000000000000000e+00
0.000000000000000000e+00
0.000000000000000000e+00
0.000000000000000000e+00
0.000000000000000000e+00
0.000000000000000000e+00
0.000000000000000000e+00
0.000000000000000000e+00
0.000000000000000000e+00
0.000000000000000000e+00
0.000000000000000000e+00
0.000000000000000000e+00
0.000000000000000000e+00
0.000000000000000000e+00
0.000000000000000000e+00
0.000000000000000000e+00
0.000000000000000000e+00
0.000000000000000000e+00
0.000000000000000000e+00
0.000000000000000000e+00
0.000000000000000000e+00
0.000000000000000000e+00
0.000000000000000000e+00
0.000000000000000000e+00
0.000000000000000000e+00
0.000000000000000000e+00
0.000000000000000000e+00
0.000000000000000000e+00
0.000000000000000000e+00
0.000000000000000000e+00
0.000000000000000000e+00
0.000000000000000000e+00
0.000000000000000000e+00
0.000000000000000000e+00
0.000000000000000000e+00
0.000000000000000000e+00
0.000000000000000000e+00
0.000000000000000000e+00
0.000000000000000000e+00
0.000000000000000000e+00
0.000000000000000000e+00
0.000000000000000000e+00
0.000000000000000000e+00
0.000000000000000000e+00
0.000000000000000000e+00
0.000000000000000000e+00
0.000000000000000000e+00
0.000000000000000000e+00
0.000000000000000000e+00
0.000000000000000000e+00
0.000000000000000000e+00
0.000000000000000000e+00
0.000000000000000000e+00
0.000000000000000000e+00
0.000000000000000000e+00
0.000000000000000000e+00
0.000000000000000000e+00
0.000000000000000000e+00
0.000000000000000000e+00
0.000000000000000000e+00
0.000000000000000000e+00
0.000000000000000000e+00
0.000000000000000000e+00
0.000000000000000000e+00
0.000000000000000000e+00
0.000000000000000000e+00
0.000000000000000000e+00
0.000000000000000000e+00
0.000000000000000000e+00
0.000000000000000000e+00
0.000000000000000000e+00
0.000000000000000000e+00
0.000000000000000000e+00
0.000000000000000000e+00
0.000000000000000000e+00
0.000000000000000000e+00
0.000000000000000000e+00
0.000000000000000000e+00
0.000000000000000000e+00
0.000000000000000000e+00
0.000000000000000000e+00
0.000000000000000000e+00
0.000000000000000000e+00
0.000000000000000000e+00
0.000000000000000000e+00
0.000000000000000000e+00
0.000000000000000000e+00
0.000000000000000000e+00
0.000000000000000000e+00
0.000000000000000000e+00
0.000000000000000000e+00
0.000000000000000000e+00
0.000000000000000000e+00
0.000000000000000000e+00
0.000000000000000000e+00
0.000000000000000000e+00
0.000000000000000000e+00
0.000000000000000000e+00
0.000000000000000000e+00
0.000000000000000000e+00
0.000000000000000000e+00
0.000000000000000000e+00
0.000000000000000000e+00
0.000000000000000000e+00
0.000000000000000000e+00
0.000000000000000000e+00
0.000000000000000000e+00
0.000000000000000000e+00
0.000000000000000000e+00
0.000000000000000000e+00
0.000000000000000000e+00
0.000000000000000000e+00
0.000000000000000000e+00
0.000000000000000000e+00
0.000000000000000000e+00
0.000000000000000000e+00
0.000000000000000000e+00
0.000000000000000000e+00
0.000000000000000000e+00
0.000000000000000000e+00
0.000000000000000000e+00
0.000000000000000000e+00
0.000000000000000000e+00
0.000000000000000000e+00
0.000000000000000000e+00
0.000000000000000000e+00
0.000000000000000000e+00
0.000000000000000000e+00
0.000000000000000000e+00
0.000000000000000000e+00
0.000000000000000000e+00
0.000000000000000000e+00
0.000000000000000000e+00
0.000000000000000000e+00
0.000000000000000000e+00
0.000000000000000000e+00
0.000000000000000000e+00
0.000000000000000000e+00
0.000000000000000000e+00
0.000000000000000000e+00
0.000000000000000000e+00
0.000000000000000000e+00
0.000000000000000000e+00
0.000000000000000000e+00
0.000000000000000000e+00
0.000000000000000000e+00
0.000000000000000000e+00
0.000000000000000000e+00
0.000000000000000000e+00
0.000000000000000000e+00
0.000000000000000000e+00
0.000000000000000000e+00
0.000000000000000000e+00
0.000000000000000000e+00
0.000000000000000000e+00
0.000000000000000000e+00
0.000000000000000000e+00
0.000000000000000000e+00
0.000000000000000000e+00
0.000000000000000000e+00
0.000000000000000000e+00
0.000000000000000000e+00
0.000000000000000000e+00
0.000000000000000000e+00
0.000000000000000000e+00
0.000000000000000000e+00
0.000000000000000000e+00
0.000000000000000000e+00
0.000000000000000000e+00
0.000000000000000000e+00
0.000000000000000000e+00
0.000000000000000000e+00
0.000000000000000000e+00
0.000000000000000000e+00
0.000000000000000000e+00
0.000000000000000000e+00
0.000000000000000000e+00
0.000000000000000000e+00
0.000000000000000000e+00
0.000000000000000000e+00
0.000000000000000000e+00
0.000000000000000000e+00
0.000000000000000000e+00
0.000000000000000000e+00
0.000000000000000000e+00
0.000000000000000000e+00
0.000000000000000000e+00
0.000000000000000000e+00
0.000000000000000000e+00
0.000000000000000000e+00
0.000000000000000000e+00
0.000000000000000000e+00
0.000000000000000000e+00
0.000000000000000000e+00
0.000000000000000000e+00
0.000000000000000000e+00
0.000000000000000000e+00
0.000000000000000000e+00
0.000000000000000000e+00
0.000000000000000000e+00
0.000000000000000000e+00
0.000000000000000000e+00
0.000000000000000000e+00
0.000000000000000000e+00
0.000000000000000000e+00
0.000000000000000000e+00
0.000000000000000000e+00
0.000000000000000000e+00
0.000000000000000000e+00
0.000000000000000000e+00
0.000000000000000000e+00
0.000000000000000000e+00
0.000000000000000000e+00
0.000000000000000000e+00
0.000000000000000000e+00
0.000000000000000000e+00
0.000000000000000000e+00
0.000000000000000000e+00
0.000000000000000000e+00
0.000000000000000000e+00
0.000000000000000000e+00
0.000000000000000000e+00
0.000000000000000000e+00
0.000000000000000000e+00
0.000000000000000000e+00
0.000000000000000000e+00
0.000000000000000000e+00
0.000000000000000000e+00
0.000000000000000000e+00
0.000000000000000000e+00
0.000000000000000000e+00
0.000000000000000000e+00
0.000000000000000000e+00
0.000000000000000000e+00
0.000000000000000000e+00
0.000000000000000000e+00
0.000000000000000000e+00
0.000000000000000000e+00
0.000000000000000000e+00
0.000000000000000000e+00
0.000000000000000000e+00
0.000000000000000000e+00
0.000000000000000000e+00
0.000000000000000000e+00
0.000000000000000000e+00
0.000000000000000000e+00
0.000000000000000000e+00
0.000000000000000000e+00
0.000000000000000000e+00
0.000000000000000000e+00
0.000000000000000000e+00
0.000000000000000000e+00
0.000000000000000000e+00
0.000000000000000000e+00
0.000000000000000000e+00
0.000000000000000000e+00
0.000000000000000000e+00
0.000000000000000000e+00
0.000000000000000000e+00
0.000000000000000000e+00
0.000000000000000000e+00
0.000000000000000000e+00
0.000000000000000000e+00
0.000000000000000000e+00
0.000000000000000000e+00
0.000000000000000000e+00
0.000000000000000000e+00
0.000000000000000000e+00
0.000000000000000000e+00
0.000000000000000000e+00
0.000000000000000000e+00
0.000000000000000000e+00
0.000000000000000000e+00
0.000000000000000000e+00
0.000000000000000000e+00
0.000000000000000000e+00
0.000000000000000000e+00
0.000000000000000000e+00
0.000000000000000000e+00
0.000000000000000000e+00
0.000000000000000000e+00
0.000000000000000000e+00
0.000000000000000000e+00
0.000000000000000000e+00
0.000000000000000000e+00
0.000000000000000000e+00
0.000000000000000000e+00
0.000000000000000000e+00
0.000000000000000000e+00
0.000000000000000000e+00
0.000000000000000000e+00
0.000000000000000000e+00
0.000000000000000000e+00
0.000000000000000000e+00
0.000000000000000000e+00
0.000000000000000000e+00
0.000000000000000000e+00
0.000000000000000000e+00
0.000000000000000000e+00
0.000000000000000000e+00
0.000000000000000000e+00
0.000000000000000000e+00
0.000000000000000000e+00
0.000000000000000000e+00
0.000000000000000000e+00
0.000000000000000000e+00
0.000000000000000000e+00
0.000000000000000000e+00
0.000000000000000000e+00
0.000000000000000000e+00
0.000000000000000000e+00
0.000000000000000000e+00
0.000000000000000000e+00
0.000000000000000000e+00
0.000000000000000000e+00
0.000000000000000000e+00
0.000000000000000000e+00
0.000000000000000000e+00
0.000000000000000000e+00
0.000000000000000000e+00
0.000000000000000000e+00
0.000000000000000000e+00
0.000000000000000000e+00
0.000000000000000000e+00
0.000000000000000000e+00
0.000000000000000000e+00
0.000000000000000000e+00
0.000000000000000000e+00
0.000000000000000000e+00
0.000000000000000000e+00
0.000000000000000000e+00
0.000000000000000000e+00
0.000000000000000000e+00
0.000000000000000000e+00
0.000000000000000000e+00
0.000000000000000000e+00
0.000000000000000000e+00
0.000000000000000000e+00
0.000000000000000000e+00
0.000000000000000000e+00
0.000000000000000000e+00
0.000000000000000000e+00
0.000000000000000000e+00
0.000000000000000000e+00
0.000000000000000000e+00
0.000000000000000000e+00
0.000000000000000000e+00
0.000000000000000000e+00
0.000000000000000000e+00
0.000000000000000000e+00
0.000000000000000000e+00
0.000000000000000000e+00
0.000000000000000000e+00
0.000000000000000000e+00
0.000000000000000000e+00
0.000000000000000000e+00
0.000000000000000000e+00
0.000000000000000000e+00
0.000000000000000000e+00
0.000000000000000000e+00
0.000000000000000000e+00
0.000000000000000000e+00
0.000000000000000000e+00
0.000000000000000000e+00
0.000000000000000000e+00
0.000000000000000000e+00
0.000000000000000000e+00
0.000000000000000000e+00
0.000000000000000000e+00
0.000000000000000000e+00
0.000000000000000000e+00
0.000000000000000000e+00
0.000000000000000000e+00
0.000000000000000000e+00
0.000000000000000000e+00
0.000000000000000000e+00
0.000000000000000000e+00
0.000000000000000000e+00
0.000000000000000000e+00
0.000000000000000000e+00
0.000000000000000000e+00
0.000000000000000000e+00
0.000000000000000000e+00
0.000000000000000000e+00
0.000000000000000000e+00
0.000000000000000000e+00
0.000000000000000000e+00
0.000000000000000000e+00
0.000000000000000000e+00
0.000000000000000000e+00
0.000000000000000000e+00
0.000000000000000000e+00
0.000000000000000000e+00
0.000000000000000000e+00
0.000000000000000000e+00
0.000000000000000000e+00
0.000000000000000000e+00
0.000000000000000000e+00
0.000000000000000000e+00
0.000000000000000000e+00
0.000000000000000000e+00
0.000000000000000000e+00
0.000000000000000000e+00
0.000000000000000000e+00
0.000000000000000000e+00
0.000000000000000000e+00
0.000000000000000000e+00
0.000000000000000000e+00
0.000000000000000000e+00
0.000000000000000000e+00
0.000000000000000000e+00
0.000000000000000000e+00
0.000000000000000000e+00
0.000000000000000000e+00
0.000000000000000000e+00
0.000000000000000000e+00
0.000000000000000000e+00
0.000000000000000000e+00
0.000000000000000000e+00
0.000000000000000000e+00
0.000000000000000000e+00
0.000000000000000000e+00
0.000000000000000000e+00
0.000000000000000000e+00
0.000000000000000000e+00
0.000000000000000000e+00
0.000000000000000000e+00
0.000000000000000000e+00
0.000000000000000000e+00
0.000000000000000000e+00
0.000000000000000000e+00
0.000000000000000000e+00
0.000000000000000000e+00
0.000000000000000000e+00
0.000000000000000000e+00
0.000000000000000000e+00
0.000000000000000000e+00
0.000000000000000000e+00
0.000000000000000000e+00
0.000000000000000000e+00
0.000000000000000000e+00
0.000000000000000000e+00
0.000000000000000000e+00
0.000000000000000000e+00
0.000000000000000000e+00
0.000000000000000000e+00
0.000000000000000000e+00
0.000000000000000000e+00
0.000000000000000000e+00
0.000000000000000000e+00
0.000000000000000000e+00
0.000000000000000000e+00
0.000000000000000000e+00
0.000000000000000000e+00
0.000000000000000000e+00
0.000000000000000000e+00
0.000000000000000000e+00
0.000000000000000000e+00
0.000000000000000000e+00
0.000000000000000000e+00
0.000000000000000000e+00
0.000000000000000000e+00
0.000000000000000000e+00
0.000000000000000000e+00
0.000000000000000000e+00
0.000000000000000000e+00
0.000000000000000000e+00
0.000000000000000000e+00
0.000000000000000000e+00
0.000000000000000000e+00
0.000000000000000000e+00
0.000000000000000000e+00
0.000000000000000000e+00
0.000000000000000000e+00
0.000000000000000000e+00
0.000000000000000000e+00
0.000000000000000000e+00
0.000000000000000000e+00
0.000000000000000000e+00
0.000000000000000000e+00
0.000000000000000000e+00
0.000000000000000000e+00
0.000000000000000000e+00
0.000000000000000000e+00
0.000000000000000000e+00
0.000000000000000000e+00
0.000000000000000000e+00
0.000000000000000000e+00
0.000000000000000000e+00
0.000000000000000000e+00
0.000000000000000000e+00
0.000000000000000000e+00
0.000000000000000000e+00
0.000000000000000000e+00
0.000000000000000000e+00
0.000000000000000000e+00
0.000000000000000000e+00
0.000000000000000000e+00
0.000000000000000000e+00
0.000000000000000000e+00
0.000000000000000000e+00
0.000000000000000000e+00
0.000000000000000000e+00
0.000000000000000000e+00
0.000000000000000000e+00
0.000000000000000000e+00
0.000000000000000000e+00
0.000000000000000000e+00
0.000000000000000000e+00
0.000000000000000000e+00
0.000000000000000000e+00
0.000000000000000000e+00
0.000000000000000000e+00
0.000000000000000000e+00
0.000000000000000000e+00
0.000000000000000000e+00
0.000000000000000000e+00
0.000000000000000000e+00
0.000000000000000000e+00
0.000000000000000000e+00
0.000000000000000000e+00
0.000000000000000000e+00
0.000000000000000000e+00
0.000000000000000000e+00
0.000000000000000000e+00
0.000000000000000000e+00
0.000000000000000000e+00
0.000000000000000000e+00
0.000000000000000000e+00
0.000000000000000000e+00
0.000000000000000000e+00
0.000000000000000000e+00
0.000000000000000000e+00
0.000000000000000000e+00
0.000000000000000000e+00
0.000000000000000000e+00
0.000000000000000000e+00
0.000000000000000000e+00
0.000000000000000000e+00
0.000000000000000000e+00
0.000000000000000000e+00
0.000000000000000000e+00
0.000000000000000000e+00
0.000000000000000000e+00
0.000000000000000000e+00
0.000000000000000000e+00
0.000000000000000000e+00
0.000000000000000000e+00
0.000000000000000000e+00
0.000000000000000000e+00
0.000000000000000000e+00
0.000000000000000000e+00
0.000000000000000000e+00
0.000000000000000000e+00
0.000000000000000000e+00
0.000000000000000000e+00
0.000000000000000000e+00
0.000000000000000000e+00
0.000000000000000000e+00
0.000000000000000000e+00
0.000000000000000000e+00
0.000000000000000000e+00
0.000000000000000000e+00
0.000000000000000000e+00
0.000000000000000000e+00
0.000000000000000000e+00
0.000000000000000000e+00
0.000000000000000000e+00
0.000000000000000000e+00
0.000000000000000000e+00
0.000000000000000000e+00
0.000000000000000000e+00
0.000000000000000000e+00
0.000000000000000000e+00
0.000000000000000000e+00
0.000000000000000000e+00
0.000000000000000000e+00
0.000000000000000000e+00
0.000000000000000000e+00
0.000000000000000000e+00
0.000000000000000000e+00
0.000000000000000000e+00
0.000000000000000000e+00
0.000000000000000000e+00
0.000000000000000000e+00
0.000000000000000000e+00
0.000000000000000000e+00
0.000000000000000000e+00
0.000000000000000000e+00
0.000000000000000000e+00
0.000000000000000000e+00
0.000000000000000000e+00
0.000000000000000000e+00
0.000000000000000000e+00
0.000000000000000000e+00
0.000000000000000000e+00
0.000000000000000000e+00
0.000000000000000000e+00
0.000000000000000000e+00
0.000000000000000000e+00
0.000000000000000000e+00
0.000000000000000000e+00
0.000000000000000000e+00
0.000000000000000000e+00
0.000000000000000000e+00
0.000000000000000000e+00
0.000000000000000000e+00
0.000000000000000000e+00
0.000000000000000000e+00
0.000000000000000000e+00
0.000000000000000000e+00
0.000000000000000000e+00
0.000000000000000000e+00
0.000000000000000000e+00
0.000000000000000000e+00
0.000000000000000000e+00
0.000000000000000000e+00
0.000000000000000000e+00
0.000000000000000000e+00
0.000000000000000000e+00
0.000000000000000000e+00
0.000000000000000000e+00
0.000000000000000000e+00
0.000000000000000000e+00
0.000000000000000000e+00
0.000000000000000000e+00
0.000000000000000000e+00
0.000000000000000000e+00
0.000000000000000000e+00
0.000000000000000000e+00
0.000000000000000000e+00
0.000000000000000000e+00
0.000000000000000000e+00
0.000000000000000000e+00
0.000000000000000000e+00
0.000000000000000000e+00
0.000000000000000000e+00
0.000000000000000000e+00
0.000000000000000000e+00
0.000000000000000000e+00
0.000000000000000000e+00
0.000000000000000000e+00
0.000000000000000000e+00
0.000000000000000000e+00
0.000000000000000000e+00
0.000000000000000000e+00
0.000000000000000000e+00
0.000000000000000000e+00
0.000000000000000000e+00
0.000000000000000000e+00
0.000000000000000000e+00
0.000000000000000000e+00
0.000000000000000000e+00
0.000000000000000000e+00
0.000000000000000000e+00
0.000000000000000000e+00
0.000000000000000000e+00
0.000000000000000000e+00
0.000000000000000000e+00
0.000000000000000000e+00
0.000000000000000000e+00
0.000000000000000000e+00
0.000000000000000000e+00
0.000000000000000000e+00
0.000000000000000000e+00
0.000000000000000000e+00
0.000000000000000000e+00
0.000000000000000000e+00
0.000000000000000000e+00
0.000000000000000000e+00
0.000000000000000000e+00
0.000000000000000000e+00
0.000000000000000000e+00
0.000000000000000000e+00
0.000000000000000000e+00
0.000000000000000000e+00
0.000000000000000000e+00
0.000000000000000000e+00
0.000000000000000000e+00
0.000000000000000000e+00
0.000000000000000000e+00
0.000000000000000000e+00
0.000000000000000000e+00
0.000000000000000000e+00
0.000000000000000000e+00
0.000000000000000000e+00
0.000000000000000000e+00
0.000000000000000000e+00
0.000000000000000000e+00
0.000000000000000000e+00
0.000000000000000000e+00
0.000000000000000000e+00
0.000000000000000000e+00
0.000000000000000000e+00
0.000000000000000000e+00
0.000000000000000000e+00
0.000000000000000000e+00
0.000000000000000000e+00
0.000000000000000000e+00
0.000000000000000000e+00
0.000000000000000000e+00
0.000000000000000000e+00
0.000000000000000000e+00
0.000000000000000000e+00
0.000000000000000000e+00
0.000000000000000000e+00
0.000000000000000000e+00
0.000000000000000000e+00
0.000000000000000000e+00
0.000000000000000000e+00
0.000000000000000000e+00
0.000000000000000000e+00
0.000000000000000000e+00
0.000000000000000000e+00
0.000000000000000000e+00
0.000000000000000000e+00
0.000000000000000000e+00
0.000000000000000000e+00
0.000000000000000000e+00
0.000000000000000000e+00
0.000000000000000000e+00
0.000000000000000000e+00
0.000000000000000000e+00
0.000000000000000000e+00
0.000000000000000000e+00
0.000000000000000000e+00
0.000000000000000000e+00
0.000000000000000000e+00
0.000000000000000000e+00
0.000000000000000000e+00
0.000000000000000000e+00
0.000000000000000000e+00
0.000000000000000000e+00
0.000000000000000000e+00
0.000000000000000000e+00
0.000000000000000000e+00
0.000000000000000000e+00
0.000000000000000000e+00
0.000000000000000000e+00
0.000000000000000000e+00
0.000000000000000000e+00
0.000000000000000000e+00
0.000000000000000000e+00
0.000000000000000000e+00
0.000000000000000000e+00
0.000000000000000000e+00
0.000000000000000000e+00
0.000000000000000000e+00
0.000000000000000000e+00
0.000000000000000000e+00
0.000000000000000000e+00
0.000000000000000000e+00
0.000000000000000000e+00
0.000000000000000000e+00
0.000000000000000000e+00
0.000000000000000000e+00
0.000000000000000000e+00
0.000000000000000000e+00
0.000000000000000000e+00
0.000000000000000000e+00
0.000000000000000000e+00
0.000000000000000000e+00
0.000000000000000000e+00
0.000000000000000000e+00
0.000000000000000000e+00
0.000000000000000000e+00
0.000000000000000000e+00
0.000000000000000000e+00
0.000000000000000000e+00
0.000000000000000000e+00
0.000000000000000000e+00
0.000000000000000000e+00
0.000000000000000000e+00
0.000000000000000000e+00
0.000000000000000000e+00
0.000000000000000000e+00
0.000000000000000000e+00
0.000000000000000000e+00
0.000000000000000000e+00
0.000000000000000000e+00
0.000000000000000000e+00
0.000000000000000000e+00
0.000000000000000000e+00
0.000000000000000000e+00
0.000000000000000000e+00
0.000000000000000000e+00
0.000000000000000000e+00
0.000000000000000000e+00
0.000000000000000000e+00
0.000000000000000000e+00
0.000000000000000000e+00
0.000000000000000000e+00
0.000000000000000000e+00
0.000000000000000000e+00
0.000000000000000000e+00
0.000000000000000000e+00
0.000000000000000000e+00
0.000000000000000000e+00
0.000000000000000000e+00
0.000000000000000000e+00
0.000000000000000000e+00
0.000000000000000000e+00
0.000000000000000000e+00
0.000000000000000000e+00
0.000000000000000000e+00
0.000000000000000000e+00
0.000000000000000000e+00
0.000000000000000000e+00
0.000000000000000000e+00
0.000000000000000000e+00
0.000000000000000000e+00
0.000000000000000000e+00
0.000000000000000000e+00
0.000000000000000000e+00
0.000000000000000000e+00
0.000000000000000000e+00
0.000000000000000000e+00
0.000000000000000000e+00
0.000000000000000000e+00
0.000000000000000000e+00
0.000000000000000000e+00
0.000000000000000000e+00
0.000000000000000000e+00
0.000000000000000000e+00
0.000000000000000000e+00
0.000000000000000000e+00
0.000000000000000000e+00
0.000000000000000000e+00
0.000000000000000000e+00
0.000000000000000000e+00
0.000000000000000000e+00
0.000000000000000000e+00
0.000000000000000000e+00
0.000000000000000000e+00
0.000000000000000000e+00
0.000000000000000000e+00
0.000000000000000000e+00
0.000000000000000000e+00
0.000000000000000000e+00
0.000000000000000000e+00
0.000000000000000000e+00
0.000000000000000000e+00
0.000000000000000000e+00
0.000000000000000000e+00
0.000000000000000000e+00
0.000000000000000000e+00
0.000000000000000000e+00
0.000000000000000000e+00
0.000000000000000000e+00
0.000000000000000000e+00
0.000000000000000000e+00
0.000000000000000000e+00
0.000000000000000000e+00
0.000000000000000000e+00
0.000000000000000000e+00
0.000000000000000000e+00
0.000000000000000000e+00
0.000000000000000000e+00
0.000000000000000000e+00
0.000000000000000000e+00
0.000000000000000000e+00
0.000000000000000000e+00
0.000000000000000000e+00
0.000000000000000000e+00
0.000000000000000000e+00
0.000000000000000000e+00
0.000000000000000000e+00
0.000000000000000000e+00
0.000000000000000000e+00
0.000000000000000000e+00
0.000000000000000000e+00
0.000000000000000000e+00
0.000000000000000000e+00
0.000000000000000000e+00
0.000000000000000000e+00
0.000000000000000000e+00
0.000000000000000000e+00
0.000000000000000000e+00
0.000000000000000000e+00
0.000000000000000000e+00
0.000000000000000000e+00
0.000000000000000000e+00
0.000000000000000000e+00
0.000000000000000000e+00
0.000000000000000000e+00
0.000000000000000000e+00
0.000000000000000000e+00
0.000000000000000000e+00
0.000000000000000000e+00
0.000000000000000000e+00
0.000000000000000000e+00
0.000000000000000000e+00
0.000000000000000000e+00
0.000000000000000000e+00
0.000000000000000000e+00
0.000000000000000000e+00
0.000000000000000000e+00
0.000000000000000000e+00
0.000000000000000000e+00
0.000000000000000000e+00
0.000000000000000000e+00
0.000000000000000000e+00
0.000000000000000000e+00
0.000000000000000000e+00
0.000000000000000000e+00
0.000000000000000000e+00
0.000000000000000000e+00
0.000000000000000000e+00
0.000000000000000000e+00
0.000000000000000000e+00
0.000000000000000000e+00
0.000000000000000000e+00
0.000000000000000000e+00
0.000000000000000000e+00
0.000000000000000000e+00
0.000000000000000000e+00
0.000000000000000000e+00
0.000000000000000000e+00
0.000000000000000000e+00
0.000000000000000000e+00
0.000000000000000000e+00
0.000000000000000000e+00
0.000000000000000000e+00
0.000000000000000000e+00
0.000000000000000000e+00
0.000000000000000000e+00
0.000000000000000000e+00
0.000000000000000000e+00
0.000000000000000000e+00
0.000000000000000000e+00
0.000000000000000000e+00
0.000000000000000000e+00
0.000000000000000000e+00
0.000000000000000000e+00
0.000000000000000000e+00
0.000000000000000000e+00
0.000000000000000000e+00
0.000000000000000000e+00
0.000000000000000000e+00
0.000000000000000000e+00
0.000000000000000000e+00
0.000000000000000000e+00
0.000000000000000000e+00
0.000000000000000000e+00
0.000000000000000000e+00
0.000000000000000000e+00
0.000000000000000000e+00
0.000000000000000000e+00
0.000000000000000000e+00
0.000000000000000000e+00
0.000000000000000000e+00
0.000000000000000000e+00
0.000000000000000000e+00
0.000000000000000000e+00
0.000000000000000000e+00
0.000000000000000000e+00
0.000000000000000000e+00
0.000000000000000000e+00
0.000000000000000000e+00
0.000000000000000000e+00
0.000000000000000000e+00
0.000000000000000000e+00
0.000000000000000000e+00
0.000000000000000000e+00
0.000000000000000000e+00
0.000000000000000000e+00
0.000000000000000000e+00
0.000000000000000000e+00
0.000000000000000000e+00
0.000000000000000000e+00
0.000000000000000000e+00
0.000000000000000000e+00
0.000000000000000000e+00
0.000000000000000000e+00
0.000000000000000000e+00
0.000000000000000000e+00
0.000000000000000000e+00
0.000000000000000000e+00
0.000000000000000000e+00
0.000000000000000000e+00
0.000000000000000000e+00
0.000000000000000000e+00
0.000000000000000000e+00
0.000000000000000000e+00
0.000000000000000000e+00
0.000000000000000000e+00
0.000000000000000000e+00
0.000000000000000000e+00
0.000000000000000000e+00
0.000000000000000000e+00
0.000000000000000000e+00
0.000000000000000000e+00
0.000000000000000000e+00
0.000000000000000000e+00
0.000000000000000000e+00
0.000000000000000000e+00
0.000000000000000000e+00
0.000000000000000000e+00
0.000000000000000000e+00
0.000000000000000000e+00
0.000000000000000000e+00
0.000000000000000000e+00
0.000000000000000000e+00
0.000000000000000000e+00
0.000000000000000000e+00
0.000000000000000000e+00
0.000000000000000000e+00
0.000000000000000000e+00
0.000000000000000000e+00
0.000000000000000000e+00
0.000000000000000000e+00
0.000000000000000000e+00
0.000000000000000000e+00
0.000000000000000000e+00
0.000000000000000000e+00
0.000000000000000000e+00
0.000000000000000000e+00
0.000000000000000000e+00
0.000000000000000000e+00
0.000000000000000000e+00
0.000000000000000000e+00
0.000000000000000000e+00
0.000000000000000000e+00
0.000000000000000000e+00
0.000000000000000000e+00
0.000000000000000000e+00
0.000000000000000000e+00
0.000000000000000000e+00
0.000000000000000000e+00
0.000000000000000000e+00
0.000000000000000000e+00
0.000000000000000000e+00
0.000000000000000000e+00
0.000000000000000000e+00
0.000000000000000000e+00
0.000000000000000000e+00
0.000000000000000000e+00
0.000000000000000000e+00
0.000000000000000000e+00
0.000000000000000000e+00
0.000000000000000000e+00
0.000000000000000000e+00
0.000000000000000000e+00
0.000000000000000000e+00
0.000000000000000000e+00
0.000000000000000000e+00
0.000000000000000000e+00
0.000000000000000000e+00
0.000000000000000000e+00
0.000000000000000000e+00
0.000000000000000000e+00
0.000000000000000000e+00
0.000000000000000000e+00
0.000000000000000000e+00
0.000000000000000000e+00
0.000000000000000000e+00
0.000000000000000000e+00
0.000000000000000000e+00
0.000000000000000000e+00
0.000000000000000000e+00
0.000000000000000000e+00
0.000000000000000000e+00
0.000000000000000000e+00
0.000000000000000000e+00
0.000000000000000000e+00
0.000000000000000000e+00
0.000000000000000000e+00
0.000000000000000000e+00
0.000000000000000000e+00
0.000000000000000000e+00
0.000000000000000000e+00
0.000000000000000000e+00
0.000000000000000000e+00
0.000000000000000000e+00
0.000000000000000000e+00
0.000000000000000000e+00
0.000000000000000000e+00
0.000000000000000000e+00
0.000000000000000000e+00
0.000000000000000000e+00
0.000000000000000000e+00
0.000000000000000000e+00
0.000000000000000000e+00
0.000000000000000000e+00
0.000000000000000000e+00
0.000000000000000000e+00
0.000000000000000000e+00
0.000000000000000000e+00
0.000000000000000000e+00
0.000000000000000000e+00
0.000000000000000000e+00
0.000000000000000000e+00
0.000000000000000000e+00
0.000000000000000000e+00
0.000000000000000000e+00
0.000000000000000000e+00
0.000000000000000000e+00
0.000000000000000000e+00
0.000000000000000000e+00
0.000000000000000000e+00
0.000000000000000000e+00
0.000000000000000000e+00
0.000000000000000000e+00
0.000000000000000000e+00
0.000000000000000000e+00
0.000000000000000000e+00
0.000000000000000000e+00
0.000000000000000000e+00
0.000000000000000000e+00
0.000000000000000000e+00
0.000000000000000000e+00
0.000000000000000000e+00
0.000000000000000000e+00
0.000000000000000000e+00
0.000000000000000000e+00
0.000000000000000000e+00
0.000000000000000000e+00
0.000000000000000000e+00
0.000000000000000000e+00
0.000000000000000000e+00
0.000000000000000000e+00
0.000000000000000000e+00
0.000000000000000000e+00
0.000000000000000000e+00
0.000000000000000000e+00
0.000000000000000000e+00
0.000000000000000000e+00
0.000000000000000000e+00
0.000000000000000000e+00
0.000000000000000000e+00
0.000000000000000000e+00
0.000000000000000000e+00
0.000000000000000000e+00
0.000000000000000000e+00
0.000000000000000000e+00
0.000000000000000000e+00
0.000000000000000000e+00
0.000000000000000000e+00
0.000000000000000000e+00
0.000000000000000000e+00
0.000000000000000000e+00
0.000000000000000000e+00
0.000000000000000000e+00
0.000000000000000000e+00
0.000000000000000000e+00
0.000000000000000000e+00
0.000000000000000000e+00
0.000000000000000000e+00
0.000000000000000000e+00
0.000000000000000000e+00
0.000000000000000000e+00
0.000000000000000000e+00
0.000000000000000000e+00
0.000000000000000000e+00
0.000000000000000000e+00
0.000000000000000000e+00
0.000000000000000000e+00
0.000000000000000000e+00
0.000000000000000000e+00
0.000000000000000000e+00
0.000000000000000000e+00
0.000000000000000000e+00
0.000000000000000000e+00
0.000000000000000000e+00
0.000000000000000000e+00
0.000000000000000000e+00
0.000000000000000000e+00
0.000000000000000000e+00
0.000000000000000000e+00
0.000000000000000000e+00
0.000000000000000000e+00
0.000000000000000000e+00
0.000000000000000000e+00
0.000000000000000000e+00
0.000000000000000000e+00
0.000000000000000000e+00
0.000000000000000000e+00
0.000000000000000000e+00
0.000000000000000000e+00
0.000000000000000000e+00
0.000000000000000000e+00
0.000000000000000000e+00
0.000000000000000000e+00
0.000000000000000000e+00
0.000000000000000000e+00
0.000000000000000000e+00
0.000000000000000000e+00
0.000000000000000000e+00
0.000000000000000000e+00
0.000000000000000000e+00
0.000000000000000000e+00
0.000000000000000000e+00
0.000000000000000000e+00
0.000000000000000000e+00
0.000000000000000000e+00
0.000000000000000000e+00
0.000000000000000000e+00
0.000000000000000000e+00
0.000000000000000000e+00
0.000000000000000000e+00
0.000000000000000000e+00
0.000000000000000000e+00
0.000000000000000000e+00
0.000000000000000000e+00
0.000000000000000000e+00
0.000000000000000000e+00
0.000000000000000000e+00
0.000000000000000000e+00
0.000000000000000000e+00
0.000000000000000000e+00
0.000000000000000000e+00
0.000000000000000000e+00
0.000000000000000000e+00
0.000000000000000000e+00
0.000000000000000000e+00
0.000000000000000000e+00
0.000000000000000000e+00
0.000000000000000000e+00
0.000000000000000000e+00
0.000000000000000000e+00
0.000000000000000000e+00
0.000000000000000000e+00
0.000000000000000000e+00
0.000000000000000000e+00
0.000000000000000000e+00
0.000000000000000000e+00
0.000000000000000000e+00
0.000000000000000000e+00
0.000000000000000000e+00
0.000000000000000000e+00
0.000000000000000000e+00
0.000000000000000000e+00
0.000000000000000000e+00
0.000000000000000000e+00
0.000000000000000000e+00
0.000000000000000000e+00
0.000000000000000000e+00
0.000000000000000000e+00
0.000000000000000000e+00
0.000000000000000000e+00
0.000000000000000000e+00
0.000000000000000000e+00
0.000000000000000000e+00
0.000000000000000000e+00
0.000000000000000000e+00
0.000000000000000000e+00
0.000000000000000000e+00
0.000000000000000000e+00
0.000000000000000000e+00
0.000000000000000000e+00
0.000000000000000000e+00
0.000000000000000000e+00
0.000000000000000000e+00
0.000000000000000000e+00
0.000000000000000000e+00
0.000000000000000000e+00
0.000000000000000000e+00
0.000000000000000000e+00
0.000000000000000000e+00
0.000000000000000000e+00
0.000000000000000000e+00
0.000000000000000000e+00
0.000000000000000000e+00
0.000000000000000000e+00
0.000000000000000000e+00
0.000000000000000000e+00
0.000000000000000000e+00
0.000000000000000000e+00
0.000000000000000000e+00
0.000000000000000000e+00
0.000000000000000000e+00
0.000000000000000000e+00
0.000000000000000000e+00
0.000000000000000000e+00
0.000000000000000000e+00
0.000000000000000000e+00
0.000000000000000000e+00
0.000000000000000000e+00
0.000000000000000000e+00
0.000000000000000000e+00
0.000000000000000000e+00
0.000000000000000000e+00
0.000000000000000000e+00
0.000000000000000000e+00
0.000000000000000000e+00
0.000000000000000000e+00
0.000000000000000000e+00
0.000000000000000000e+00
0.000000000000000000e+00
0.000000000000000000e+00
0.000000000000000000e+00
0.000000000000000000e+00
0.000000000000000000e+00
0.000000000000000000e+00
0.000000000000000000e+00
0.000000000000000000e+00
0.000000000000000000e+00
0.000000000000000000e+00
0.000000000000000000e+00
0.000000000000000000e+00
0.000000000000000000e+00
0.000000000000000000e+00
0.000000000000000000e+00
0.000000000000000000e+00
0.000000000000000000e+00
0.000000000000000000e+00
0.000000000000000000e+00
0.000000000000000000e+00
0.000000000000000000e+00
0.000000000000000000e+00
0.000000000000000000e+00
0.000000000000000000e+00
0.000000000000000000e+00
0.000000000000000000e+00
0.000000000000000000e+00
0.000000000000000000e+00
0.000000000000000000e+00
0.000000000000000000e+00
0.000000000000000000e+00
0.000000000000000000e+00
0.000000000000000000e+00
0.000000000000000000e+00
0.000000000000000000e+00
0.000000000000000000e+00
0.000000000000000000e+00
0.000000000000000000e+00
0.000000000000000000e+00
0.000000000000000000e+00
0.000000000000000000e+00
0.000000000000000000e+00
0.000000000000000000e+00
0.000000000000000000e+00
0.000000000000000000e+00
0.000000000000000000e+00
0.000000000000000000e+00
0.000000000000000000e+00
0.000000000000000000e+00
0.000000000000000000e+00
0.000000000000000000e+00
0.000000000000000000e+00
0.000000000000000000e+00
0.000000000000000000e+00
0.000000000000000000e+00
0.000000000000000000e+00
0.000000000000000000e+00
0.000000000000000000e+00
0.000000000000000000e+00
0.000000000000000000e+00
0.000000000000000000e+00
0.000000000000000000e+00
0.000000000000000000e+00
0.000000000000000000e+00
0.000000000000000000e+00
0.000000000000000000e+00
0.000000000000000000e+00
0.000000000000000000e+00
0.000000000000000000e+00
0.000000000000000000e+00
0.000000000000000000e+00
0.000000000000000000e+00
0.000000000000000000e+00
0.000000000000000000e+00
0.000000000000000000e+00
0.000000000000000000e+00
0.000000000000000000e+00
0.000000000000000000e+00
0.000000000000000000e+00
0.000000000000000000e+00
0.000000000000000000e+00
0.000000000000000000e+00
0.000000000000000000e+00
0.000000000000000000e+00
0.000000000000000000e+00
0.000000000000000000e+00
0.000000000000000000e+00
0.000000000000000000e+00
0.000000000000000000e+00
0.000000000000000000e+00
0.000000000000000000e+00
0.000000000000000000e+00
0.000000000000000000e+00
0.000000000000000000e+00
0.000000000000000000e+00
0.000000000000000000e+00
0.000000000000000000e+00
0.000000000000000000e+00
0.000000000000000000e+00
0.000000000000000000e+00
0.000000000000000000e+00
0.000000000000000000e+00
0.000000000000000000e+00
0.000000000000000000e+00
0.000000000000000000e+00
0.000000000000000000e+00
0.000000000000000000e+00
0.000000000000000000e+00
0.000000000000000000e+00
0.000000000000000000e+00
0.000000000000000000e+00
0.000000000000000000e+00
0.000000000000000000e+00
0.000000000000000000e+00
0.000000000000000000e+00
0.000000000000000000e+00
0.000000000000000000e+00
0.000000000000000000e+00
0.000000000000000000e+00
0.000000000000000000e+00
0.000000000000000000e+00
0.000000000000000000e+00
0.000000000000000000e+00
0.000000000000000000e+00
0.000000000000000000e+00
0.000000000000000000e+00
0.000000000000000000e+00
0.000000000000000000e+00
0.000000000000000000e+00
0.000000000000000000e+00
0.000000000000000000e+00
0.000000000000000000e+00
0.000000000000000000e+00
0.000000000000000000e+00
0.000000000000000000e+00
0.000000000000000000e+00
0.000000000000000000e+00
0.000000000000000000e+00
0.000000000000000000e+00
0.000000000000000000e+00
0.000000000000000000e+00
0.000000000000000000e+00
0.000000000000000000e+00
0.000000000000000000e+00
0.000000000000000000e+00
0.000000000000000000e+00
0.000000000000000000e+00
0.000000000000000000e+00
0.000000000000000000e+00
0.000000000000000000e+00
0.000000000000000000e+00
0.000000000000000000e+00
0.000000000000000000e+00
0.000000000000000000e+00
0.000000000000000000e+00
0.000000000000000000e+00
0.000000000000000000e+00
0.000000000000000000e+00
0.000000000000000000e+00
0.000000000000000000e+00
0.000000000000000000e+00
0.000000000000000000e+00
0.000000000000000000e+00
0.000000000000000000e+00
0.000000000000000000e+00
0.000000000000000000e+00
0.000000000000000000e+00
0.000000000000000000e+00
0.000000000000000000e+00
0.000000000000000000e+00
0.000000000000000000e+00
0.000000000000000000e+00
0.000000000000000000e+00
0.000000000000000000e+00
0.000000000000000000e+00
0.000000000000000000e+00
0.000000000000000000e+00
0.000000000000000000e+00
0.000000000000000000e+00
0.000000000000000000e+00
0.000000000000000000e+00
0.000000000000000000e+00
0.000000000000000000e+00
0.000000000000000000e+00
0.000000000000000000e+00
0.000000000000000000e+00
0.000000000000000000e+00
0.000000000000000000e+00
0.000000000000000000e+00
0.000000000000000000e+00
0.000000000000000000e+00
0.000000000000000000e+00
0.000000000000000000e+00
0.000000000000000000e+00
0.000000000000000000e+00
0.000000000000000000e+00
0.000000000000000000e+00
0.000000000000000000e+00
0.000000000000000000e+00
0.000000000000000000e+00
0.000000000000000000e+00
0.000000000000000000e+00
0.000000000000000000e+00
0.000000000000000000e+00
0.000000000000000000e+00
0.000000000000000000e+00
0.000000000000000000e+00
0.000000000000000000e+00
0.000000000000000000e+00
0.000000000000000000e+00
0.000000000000000000e+00
0.000000000000000000e+00
0.000000000000000000e+00
0.000000000000000000e+00
0.000000000000000000e+00
0.000000000000000000e+00
0.000000000000000000e+00
0.000000000000000000e+00
0.000000000000000000e+00
0.000000000000000000e+00
0.000000000000000000e+00
0.000000000000000000e+00
0.000000000000000000e+00
0.000000000000000000e+00
0.000000000000000000e+00
0.000000000000000000e+00
0.000000000000000000e+00
0.000000000000000000e+00
0.000000000000000000e+00
0.000000000000000000e+00
0.000000000000000000e+00
0.000000000000000000e+00
0.000000000000000000e+00
0.000000000000000000e+00
0.000000000000000000e+00
0.000000000000000000e+00
0.000000000000000000e+00
0.000000000000000000e+00
0.000000000000000000e+00
0.000000000000000000e+00
0.000000000000000000e+00
0.000000000000000000e+00
0.000000000000000000e+00
0.000000000000000000e+00
0.000000000000000000e+00
0.000000000000000000e+00
0.000000000000000000e+00
0.000000000000000000e+00
0.000000000000000000e+00
0.000000000000000000e+00
0.000000000000000000e+00
0.000000000000000000e+00
0.000000000000000000e+00
0.000000000000000000e+00
0.000000000000000000e+00
0.000000000000000000e+00
0.000000000000000000e+00
0.000000000000000000e+00
0.000000000000000000e+00
0.000000000000000000e+00
0.000000000000000000e+00
0.000000000000000000e+00
0.000000000000000000e+00
0.000000000000000000e+00
0.000000000000000000e+00
0.000000000000000000e+00
0.000000000000000000e+00
0.000000000000000000e+00
0.000000000000000000e+00
0.000000000000000000e+00
0.000000000000000000e+00
0.000000000000000000e+00
0.000000000000000000e+00
0.000000000000000000e+00
0.000000000000000000e+00
0.000000000000000000e+00
0.000000000000000000e+00
0.000000000000000000e+00
0.000000000000000000e+00
0.000000000000000000e+00
0.000000000000000000e+00
0.000000000000000000e+00
0.000000000000000000e+00
0.000000000000000000e+00
0.000000000000000000e+00
0.000000000000000000e+00
0.000000000000000000e+00
0.000000000000000000e+00
0.000000000000000000e+00
0.000000000000000000e+00
0.000000000000000000e+00
0.000000000000000000e+00
0.000000000000000000e+00
0.000000000000000000e+00
0.000000000000000000e+00
0.000000000000000000e+00
0.000000000000000000e+00
0.000000000000000000e+00
0.000000000000000000e+00
0.000000000000000000e+00
0.000000000000000000e+00
0.000000000000000000e+00
0.000000000000000000e+00
0.000000000000000000e+00
0.000000000000000000e+00
0.000000000000000000e+00
0.000000000000000000e+00
0.000000000000000000e+00
0.000000000000000000e+00
0.000000000000000000e+00
0.000000000000000000e+00
0.000000000000000000e+00
0.000000000000000000e+00
0.000000000000000000e+00
0.000000000000000000e+00
0.000000000000000000e+00
0.000000000000000000e+00
0.000000000000000000e+00
0.000000000000000000e+00
0.000000000000000000e+00
0.000000000000000000e+00
0.000000000000000000e+00
0.000000000000000000e+00
0.000000000000000000e+00
0.000000000000000000e+00
0.000000000000000000e+00
0.000000000000000000e+00
0.000000000000000000e+00
0.000000000000000000e+00
0.000000000000000000e+00
0.000000000000000000e+00
0.000000000000000000e+00
0.000000000000000000e+00
0.000000000000000000e+00
0.000000000000000000e+00
0.000000000000000000e+00
0.000000000000000000e+00
0.000000000000000000e+00
0.000000000000000000e+00
0.000000000000000000e+00
0.000000000000000000e+00
0.000000000000000000e+00
0.000000000000000000e+00
0.000000000000000000e+00
0.000000000000000000e+00
0.000000000000000000e+00
0.000000000000000000e+00
0.000000000000000000e+00
0.000000000000000000e+00
0.000000000000000000e+00
0.000000000000000000e+00
0.000000000000000000e+00
0.000000000000000000e+00
0.000000000000000000e+00
0.000000000000000000e+00
0.000000000000000000e+00
0.000000000000000000e+00
0.000000000000000000e+00
0.000000000000000000e+00
0.000000000000000000e+00
0.000000000000000000e+00
0.000000000000000000e+00
0.000000000000000000e+00
0.000000000000000000e+00
0.000000000000000000e+00
0.000000000000000000e+00
0.000000000000000000e+00
0.000000000000000000e+00
0.000000000000000000e+00
0.000000000000000000e+00
0.000000000000000000e+00
0.000000000000000000e+00
0.000000000000000000e+00
0.000000000000000000e+00
0.000000000000000000e+00
0.000000000000000000e+00
0.000000000000000000e+00
0.000000000000000000e+00
0.000000000000000000e+00
0.000000000000000000e+00
0.000000000000000000e+00
0.000000000000000000e+00
0.000000000000000000e+00
0.000000000000000000e+00
0.000000000000000000e+00
0.000000000000000000e+00
0.000000000000000000e+00
0.000000000000000000e+00
0.000000000000000000e+00
0.000000000000000000e+00
0.000000000000000000e+00
0.000000000000000000e+00
0.000000000000000000e+00
0.000000000000000000e+00
0.000000000000000000e+00
0.000000000000000000e+00
0.000000000000000000e+00
0.000000000000000000e+00
0.000000000000000000e+00
0.000000000000000000e+00
0.000000000000000000e+00
0.000000000000000000e+00
0.000000000000000000e+00
0.000000000000000000e+00
0.000000000000000000e+00
0.000000000000000000e+00
0.000000000000000000e+00
0.000000000000000000e+00
0.000000000000000000e+00
0.000000000000000000e+00
0.000000000000000000e+00
0.000000000000000000e+00
0.000000000000000000e+00
0.000000000000000000e+00
0.000000000000000000e+00
0.000000000000000000e+00
0.000000000000000000e+00
0.000000000000000000e+00
0.000000000000000000e+00
0.000000000000000000e+00
0.000000000000000000e+00
0.000000000000000000e+00
0.000000000000000000e+00
0.000000000000000000e+00
0.000000000000000000e+00
0.000000000000000000e+00
0.000000000000000000e+00
0.000000000000000000e+00
0.000000000000000000e+00
0.000000000000000000e+00
0.000000000000000000e+00
0.000000000000000000e+00
0.000000000000000000e+00
0.000000000000000000e+00
0.000000000000000000e+00
0.000000000000000000e+00
0.000000000000000000e+00
0.000000000000000000e+00
0.000000000000000000e+00
0.000000000000000000e+00
0.000000000000000000e+00
0.000000000000000000e+00
0.000000000000000000e+00
0.000000000000000000e+00
0.000000000000000000e+00
0.000000000000000000e+00
0.000000000000000000e+00
0.000000000000000000e+00
0.000000000000000000e+00
0.000000000000000000e+00
0.000000000000000000e+00
0.000000000000000000e+00
0.000000000000000000e+00
0.000000000000000000e+00
0.000000000000000000e+00
0.000000000000000000e+00
0.000000000000000000e+00
0.000000000000000000e+00
0.000000000000000000e+00
0.000000000000000000e+00
0.000000000000000000e+00
0.000000000000000000e+00
0.000000000000000000e+00
0.000000000000000000e+00
0.000000000000000000e+00
0.000000000000000000e+00
0.000000000000000000e+00
0.000000000000000000e+00
0.000000000000000000e+00
0.000000000000000000e+00
0.000000000000000000e+00
0.000000000000000000e+00
0.000000000000000000e+00
0.000000000000000000e+00
0.000000000000000000e+00
0.000000000000000000e+00
0.000000000000000000e+00
0.000000000000000000e+00
0.000000000000000000e+00
0.000000000000000000e+00
0.000000000000000000e+00
0.000000000000000000e+00
0.000000000000000000e+00
0.000000000000000000e+00
0.000000000000000000e+00
0.000000000000000000e+00
0.000000000000000000e+00
0.000000000000000000e+00
0.000000000000000000e+00
0.000000000000000000e+00
0.000000000000000000e+00
0.000000000000000000e+00
0.000000000000000000e+00
0.000000000000000000e+00
0.000000000000000000e+00
0.000000000000000000e+00
0.000000000000000000e+00
0.000000000000000000e+00
0.000000000000000000e+00
0.000000000000000000e+00
0.000000000000000000e+00
0.000000000000000000e+00
0.000000000000000000e+00
0.000000000000000000e+00
0.000000000000000000e+00
0.000000000000000000e+00
0.000000000000000000e+00
0.000000000000000000e+00
0.000000000000000000e+00
0.000000000000000000e+00
0.000000000000000000e+00
0.000000000000000000e+00
0.000000000000000000e+00
0.000000000000000000e+00
0.000000000000000000e+00
0.000000000000000000e+00
0.000000000000000000e+00
0.000000000000000000e+00
0.000000000000000000e+00
0.000000000000000000e+00
0.000000000000000000e+00
0.000000000000000000e+00
0.000000000000000000e+00
0.000000000000000000e+00
0.000000000000000000e+00
0.000000000000000000e+00
0.000000000000000000e+00
0.000000000000000000e+00
0.000000000000000000e+00
0.000000000000000000e+00
0.000000000000000000e+00
0.000000000000000000e+00
0.000000000000000000e+00
0.000000000000000000e+00
0.000000000000000000e+00
0.000000000000000000e+00
0.000000000000000000e+00
0.000000000000000000e+00
0.000000000000000000e+00
0.000000000000000000e+00
0.000000000000000000e+00
0.000000000000000000e+00
0.000000000000000000e+00
0.000000000000000000e+00
0.000000000000000000e+00
0.000000000000000000e+00
0.000000000000000000e+00
0.000000000000000000e+00
0.000000000000000000e+00
0.000000000000000000e+00
0.000000000000000000e+00
0.000000000000000000e+00
0.000000000000000000e+00
0.000000000000000000e+00
0.000000000000000000e+00
0.000000000000000000e+00
0.000000000000000000e+00
0.000000000000000000e+00
0.000000000000000000e+00
0.000000000000000000e+00
0.000000000000000000e+00
0.000000000000000000e+00
0.000000000000000000e+00
0.000000000000000000e+00
0.000000000000000000e+00
0.000000000000000000e+00
0.000000000000000000e+00
0.000000000000000000e+00
0.000000000000000000e+00
0.000000000000000000e+00
0.000000000000000000e+00
0.000000000000000000e+00
0.000000000000000000e+00
0.000000000000000000e+00
0.000000000000000000e+00
0.000000000000000000e+00
0.000000000000000000e+00
0.000000000000000000e+00
0.000000000000000000e+00
0.000000000000000000e+00
0.000000000000000000e+00
0.000000000000000000e+00
0.000000000000000000e+00
0.000000000000000000e+00
0.000000000000000000e+00
0.000000000000000000e+00
0.000000000000000000e+00
0.000000000000000000e+00
0.000000000000000000e+00
0.000000000000000000e+00
0.000000000000000000e+00
0.000000000000000000e+00
0.000000000000000000e+00
0.000000000000000000e+00
0.000000000000000000e+00
0.000000000000000000e+00
0.000000000000000000e+00
0.000000000000000000e+00
0.000000000000000000e+00
0.000000000000000000e+00
0.000000000000000000e+00
0.000000000000000000e+00
0.000000000000000000e+00
0.000000000000000000e+00
0.000000000000000000e+00
0.000000000000000000e+00
0.000000000000000000e+00
0.000000000000000000e+00
0.000000000000000000e+00
0.000000000000000000e+00
0.000000000000000000e+00
0.000000000000000000e+00
0.000000000000000000e+00
0.000000000000000000e+00
0.000000000000000000e+00
0.000000000000000000e+00
0.000000000000000000e+00
0.000000000000000000e+00
0.000000000000000000e+00
0.000000000000000000e+00
0.000000000000000000e+00
0.000000000000000000e+00
0.000000000000000000e+00
0.000000000000000000e+00
0.000000000000000000e+00
0.000000000000000000e+00
0.000000000000000000e+00
0.000000000000000000e+00
0.000000000000000000e+00
0.000000000000000000e+00
0.000000000000000000e+00
0.000000000000000000e+00
0.000000000000000000e+00
0.000000000000000000e+00
0.000000000000000000e+00
0.000000000000000000e+00
0.000000000000000000e+00
0.000000000000000000e+00
0.000000000000000000e+00
0.000000000000000000e+00
0.000000000000000000e+00
0.000000000000000000e+00
0.000000000000000000e+00
0.000000000000000000e+00
0.000000000000000000e+00
0.000000000000000000e+00
0.000000000000000000e+00
0.000000000000000000e+00
0.000000000000000000e+00
0.000000000000000000e+00
0.000000000000000000e+00
0.000000000000000000e+00
0.000000000000000000e+00
0.000000000000000000e+00
0.000000000000000000e+00
0.000000000000000000e+00
0.000000000000000000e+00
0.000000000000000000e+00
0.000000000000000000e+00
0.000000000000000000e+00
0.000000000000000000e+00
0.000000000000000000e+00
0.000000000000000000e+00
0.000000000000000000e+00
0.000000000000000000e+00
0.000000000000000000e+00
0.000000000000000000e+00
0.000000000000000000e+00
0.000000000000000000e+00
0.000000000000000000e+00
0.000000000000000000e+00
0.000000000000000000e+00
0.000000000000000000e+00
0.000000000000000000e+00
0.000000000000000000e+00
0.000000000000000000e+00
0.000000000000000000e+00
0.000000000000000000e+00
0.000000000000000000e+00
0.000000000000000000e+00
0.000000000000000000e+00
0.000000000000000000e+00
0.000000000000000000e+00
0.000000000000000000e+00
0.000000000000000000e+00
0.000000000000000000e+00
0.000000000000000000e+00
0.000000000000000000e+00
0.000000000000000000e+00
0.000000000000000000e+00
0.000000000000000000e+00
0.000000000000000000e+00
0.000000000000000000e+00
0.000000000000000000e+00
0.000000000000000000e+00
0.000000000000000000e+00
0.000000000000000000e+00
0.000000000000000000e+00
0.000000000000000000e+00
0.000000000000000000e+00
0.000000000000000000e+00
0.000000000000000000e+00
0.000000000000000000e+00
0.000000000000000000e+00
0.000000000000000000e+00
0.000000000000000000e+00
0.000000000000000000e+00
0.000000000000000000e+00
0.000000000000000000e+00
0.000000000000000000e+00
0.000000000000000000e+00
0.000000000000000000e+00
0.000000000000000000e+00
0.000000000000000000e+00
0.000000000000000000e+00
0.000000000000000000e+00
0.000000000000000000e+00
0.000000000000000000e+00
0.000000000000000000e+00
0.000000000000000000e+00
0.000000000000000000e+00
0.000000000000000000e+00
0.000000000000000000e+00
0.000000000000000000e+00
0.000000000000000000e+00
0.000000000000000000e+00
0.000000000000000000e+00
0.000000000000000000e+00
0.000000000000000000e+00
0.000000000000000000e+00
0.000000000000000000e+00
0.000000000000000000e+00
0.000000000000000000e+00
0.000000000000000000e+00
0.000000000000000000e+00
0.000000000000000000e+00
0.000000000000000000e+00
0.000000000000000000e+00
0.000000000000000000e+00
0.000000000000000000e+00
0.000000000000000000e+00
0.000000000000000000e+00
0.000000000000000000e+00
0.000000000000000000e+00
0.000000000000000000e+00
0.000000000000000000e+00
0.000000000000000000e+00
0.000000000000000000e+00
0.000000000000000000e+00
0.000000000000000000e+00
0.000000000000000000e+00
0.000000000000000000e+00
0.000000000000000000e+00
0.000000000000000000e+00
0.000000000000000000e+00
0.000000000000000000e+00
0.000000000000000000e+00
0.000000000000000000e+00
0.000000000000000000e+00
0.000000000000000000e+00
0.000000000000000000e+00
0.000000000000000000e+00
0.000000000000000000e+00
0.000000000000000000e+00
0.000000000000000000e+00
0.000000000000000000e+00
0.000000000000000000e+00
0.000000000000000000e+00
0.000000000000000000e+00
0.000000000000000000e+00
0.000000000000000000e+00
0.000000000000000000e+00
0.000000000000000000e+00
0.000000000000000000e+00
0.000000000000000000e+00
0.000000000000000000e+00
0.000000000000000000e+00
0.000000000000000000e+00
0.000000000000000000e+00
0.000000000000000000e+00
0.000000000000000000e+00
0.000000000000000000e+00
0.000000000000000000e+00
0.000000000000000000e+00
0.000000000000000000e+00
0.000000000000000000e+00
0.000000000000000000e+00
0.000000000000000000e+00
0.000000000000000000e+00
0.000000000000000000e+00
0.000000000000000000e+00
0.000000000000000000e+00
0.000000000000000000e+00
nan
