1.000000000000000000e+00
1.051299999999999901e+00
1.094000000000000083e+00
1.138600000000000056e+00
1.187100000000000044e+00
1.234399999999999942e+00
1.279400000000000093e+00
1.322000000000000064e+00
1.365299999999999958e+00
1.403899999999999926e+00
1.442399999999999904e+00
1.481800000000000006e+00
1.527600000000000069e+00
1.562999999999999945e+00
1.600300000000000056e+00
1.633199999999999985e+00
1.664900000000000047e+00
1.699899999999999967e+00
1.723899999999999988e+00
1.747100000000000097e+00
1.769600000000000062e+00
1.796100000000000030e+00
1.811800000000000077e+00
1.830899999999999972e+00
1.849399999999999933e+00
1.862800000000000011e+00
1.874000000000000110e+00
1.893599999999999950e+00
1.904500000000000082e+00
1.918800000000000061e+00
1.922900000000000054e+00
1.923499999999999988e+00
1.938099999999999934e+00
1.945100000000000051e+00
1.960499999999999909e+00
1.961600000000000010e+00
1.964800000000000102e+00
1.965899999999999981e+00
1.979800000000000004e+00
1.990099999999999980e+00
1.998399999999999954e+00
2.005900000000000016e+00
2.004500000000000171e+00
2.010200000000000209e+00
2.008700000000000152e+00
2.008300000000000196e+00
2.020099999999999785e+00
2.029199999999999893e+00
2.031499999999999861e+00
2.037100000000000133e+00
2.039400000000000102e+00
2.037199999999999900e+00
2.046800000000000175e+00
2.047099999999999920e+00
2.041900000000000048e+00
2.036900000000000155e+00
2.029999999999999805e+00
2.036999999999999922e+00
2.025900000000000034e+00
2.045100000000000140e+00
2.037599999999999856e+00
2.034100000000000019e+00
2.027000000000000135e+00
2.030499999999999972e+00
2.026400000000000201e+00
2.022499999999999964e+00
2.019000000000000128e+00
2.024700000000000166e+00
2.037999999999999812e+00
2.032300000000000217e+00
2.033900000000000041e+00
2.026100000000000012e+00
2.028999999999999915e+00
2.033799999999999830e+00
2.035099999999999909e+00
2.038100000000000023e+00
2.045199999999999907e+00
2.049900000000000055e+00
2.039499999999999869e+00
2.047800000000000065e+00
2.050800000000000178e+00
2.046400000000000219e+00
2.050600000000000200e+00
2.062899999999999956e+00
2.066699999999999982e+00
2.053399999999999892e+00
2.050499999999999989e+00
2.052500000000000213e+00
2.051400000000000112e+00
2.052900000000000169e+00
2.047699999999999854e+00
2.065999999999999837e+00
2.075000000000000178e+00
2.073500000000000121e+00
2.065900000000000070e+00
2.060099999999999820e+00
2.057300000000000129e+00
2.059400000000000119e+00
2.056599999999999984e+00
2.053100000000000147e+00
2.046100000000000030e+00
2.053399999999999892e+00
2.061999999999999833e+00
2.061199999999999921e+00
2.066899999999999959e+00
2.065999999999999837e+00
2.060999999999999943e+00
2.064599999999999991e+00
2.062399999999999789e+00
2.059699999999999864e+00
2.053799999999999848e+00
2.058399999999999785e+00
2.055600000000000094e+00
2.057700000000000085e+00
2.068299999999999805e+00
2.057900000000000063e+00
2.058199999999999807e+00
2.059499999999999886e+00
2.057799999999999851e+00
2.062699999999999978e+00
2.064099999999999824e+00
2.047899999999999832e+00
2.040200000000000014e+00
2.043899999999999828e+00
2.044599999999999973e+00
2.039699999999999847e+00
2.038899999999999935e+00
2.040900000000000158e+00
2.035299999999999887e+00
2.030299999999999994e+00
2.037599999999999856e+00
2.031699999999999839e+00
2.032999999999999918e+00
2.036799999999999944e+00
2.035600000000000076e+00
2.033900000000000041e+00
2.028999999999999915e+00
2.022400000000000198e+00
2.027800000000000047e+00
2.031200000000000117e+00
2.033999999999999808e+00
2.039000000000000146e+00
2.035899999999999821e+00
2.038600000000000190e+00
2.041199999999999903e+00
2.037900000000000045e+00
2.043800000000000061e+00
2.034400000000000208e+00
2.039499999999999869e+00
2.046899999999999942e+00
2.041500000000000092e+00
2.040200000000000014e+00
2.039200000000000124e+00
2.037799999999999834e+00
2.037900000000000045e+00
2.026100000000000012e+00
2.022100000000000009e+00
2.025500000000000078e+00
2.023499999999999854e+00
2.029999999999999805e+00
2.039099999999999913e+00
2.027800000000000047e+00
2.020799999999999930e+00
2.032099999999999795e+00
2.026100000000000012e+00
2.024700000000000166e+00
2.016799999999999926e+00
2.018499999999999961e+00
2.034400000000000208e+00
2.026400000000000201e+00
2.025100000000000122e+00
2.020000000000000018e+00
2.015899999999999803e+00
2.022600000000000176e+00
2.015800000000000036e+00
2.011200000000000099e+00
2.014499999999999957e+00
2.008199999999999985e+00
2.002499999999999947e+00
2.007800000000000029e+00
2.003200000000000092e+00
2.007600000000000051e+00
2.007499999999999840e+00
2.007600000000000051e+00
2.005999999999999783e+00
2.024199999999999999e+00
2.020799999999999930e+00
2.021799999999999820e+00
2.030499999999999972e+00
2.029399999999999871e+00
2.024199999999999999e+00
2.026600000000000179e+00
2.033999999999999808e+00
2.031400000000000095e+00
2.021199999999999886e+00
2.020900000000000141e+00
2.023400000000000087e+00
2.025500000000000078e+00
2.019000000000000128e+00
2.010699999999999932e+00
2.011200000000000099e+00
2.012000000000000011e+00
2.012700000000000156e+00
2.009599999999999831e+00
2.009599999999999831e+00
2.022200000000000220e+00
2.010499999999999954e+00
2.012599999999999945e+00
2.019899999999999807e+00
2.026400000000000201e+00
2.029999999999999805e+00
2.022400000000000198e+00
2.014200000000000212e+00
2.005599999999999827e+00
2.005599999999999827e+00
2.011899999999999800e+00
2.016700000000000159e+00
2.016900000000000137e+00
2.004900000000000126e+00
2.004199999999999982e+00
2.005199999999999871e+00
2.000399999999999956e+00
1.999900000000000011e+00
2.008500000000000174e+00
1.998899999999999899e+00
2.002299999999999969e+00
1.996599999999999930e+00
1.990499999999999936e+00
1.989000000000000101e+00
1.999700000000000033e+00
2.003699999999999815e+00
2.003299999999999859e+00
2.006499999999999950e+00
2.003099999999999881e+00
2.003000000000000114e+00
2.002499999999999947e+00
2.005599999999999827e+00
2.003400000000000070e+00
1.993300000000000072e+00
2.004000000000000004e+00
2.012999999999999901e+00
2.008000000000000007e+00
1.987999999999999989e+00
1.986399999999999944e+00
1.985999999999999988e+00
1.989200000000000079e+00
1.983999999999999986e+00
1.980699999999999905e+00
1.972900000000000098e+00
1.977000000000000091e+00
1.969000000000000083e+00
1.957100000000000062e+00
1.962299999999999933e+00
1.965700000000000003e+00
1.958700000000000108e+00
1.957100000000000062e+00
1.962800000000000100e+00
1.961500000000000021e+00
1.961000000000000076e+00
1.948499999999999899e+00
1.949699999999999989e+00
1.955000000000000071e+00
1.953000000000000069e+00
1.956800000000000095e+00
1.953300000000000036e+00
1.960399999999999920e+00
1.965300000000000047e+00
1.964599999999999902e+00
1.962199999999999944e+00
1.965600000000000014e+00
1.971899999999999986e+00
1.971400000000000041e+00
1.971899999999999986e+00
1.970399999999999929e+00
1.973200000000000065e+00
1.976499999999999924e+00
1.970800000000000107e+00
1.974199999999999955e+00
1.969400000000000039e+00
1.958499999999999908e+00
1.964599999999999902e+00
1.965400000000000036e+00
1.972299999999999942e+00
1.965600000000000014e+00
1.964099999999999957e+00
1.967000000000000082e+00
1.960199999999999942e+00
1.972099999999999964e+00
1.962800000000000100e+00
1.963100000000000067e+00
1.951799999999999979e+00
1.954800000000000093e+00
1.954399999999999915e+00
1.946600000000000108e+00
1.943000000000000060e+00
1.940800000000000081e+00
1.946299999999999919e+00
1.946700000000000097e+00
1.947300000000000031e+00
1.958299999999999930e+00
1.949899999999999967e+00
1.951200000000000045e+00
1.947999999999999954e+00
1.946499999999999897e+00
1.939899999999999958e+00
1.947500000000000009e+00
1.953100000000000058e+00
1.949100000000000055e+00
1.942299999999999915e+00
1.941000000000000059e+00
1.940700000000000092e+00
1.944399999999999906e+00
1.944600000000000106e+00
1.941200000000000037e+00
1.933499999999999996e+00
1.933400000000000007e+00
1.934700000000000086e+00
1.950900000000000079e+00
1.944700000000000095e+00
1.948299999999999921e+00
1.955000000000000071e+00
1.956900000000000084e+00
1.957300000000000040e+00
1.953899999999999970e+00
1.951999999999999957e+00
1.959500000000000020e+00
1.954599999999999893e+00
1.955699999999999994e+00
1.964099999999999957e+00
1.951400000000000023e+00
1.960900000000000087e+00
1.952399999999999913e+00
1.937200000000000033e+00
1.936399999999999899e+00
1.934800000000000075e+00
1.937599999999999989e+00
1.940900000000000070e+00
1.938399999999999901e+00
1.928600000000000092e+00
1.921599999999999975e+00
1.922099999999999920e+00
1.928600000000000092e+00
1.919000000000000039e+00
1.926600000000000090e+00
1.917200000000000015e+00
1.915599999999999969e+00
1.916299999999999892e+00
1.907399999999999984e+00
1.897399999999999975e+00
1.907899999999999929e+00
1.895100000000000007e+00
1.897599999999999953e+00
1.892900000000000027e+00
1.901299999999999990e+00
1.899000000000000021e+00
1.887100000000000000e+00
1.872000000000000108e+00
1.868900000000000006e+00
1.873699999999999921e+00
1.873599999999999932e+00
1.874400000000000066e+00
1.868000000000000105e+00
1.866500000000000048e+00
1.865699999999999914e+00
1.869099999999999984e+00
1.867699999999999916e+00
1.870400000000000063e+00
1.872800000000000020e+00
1.872700000000000031e+00
1.880500000000000060e+00
1.885000000000000009e+00
1.882900000000000018e+00
1.879099999999999993e+00
1.872900000000000009e+00
1.868600000000000039e+00
1.870600000000000041e+00
1.863099999999999978e+00
1.859099999999999975e+00
1.856999999999999984e+00
1.853499999999999925e+00
1.852000000000000091e+00
1.856800000000000006e+00
1.857699999999999907e+00
1.863399999999999945e+00
1.862500000000000044e+00
1.859799999999999898e+00
1.858000000000000096e+00
1.856500000000000039e+00
1.836699999999999999e+00
1.832200000000000051e+00
1.842500000000000027e+00
1.844100000000000072e+00
1.848500000000000032e+00
1.851599999999999913e+00
1.841199999999999948e+00
1.830999999999999961e+00
1.833099999999999952e+00
1.840200000000000058e+00
1.842600000000000016e+00
1.846400000000000041e+00
1.852999999999999980e+00
1.860300000000000065e+00
1.852700000000000014e+00
1.848999999999999977e+00
1.847199999999999953e+00
1.849499999999999922e+00
1.838799999999999990e+00
1.841399999999999926e+00
1.830999999999999961e+00
1.832200000000000051e+00
1.838100000000000067e+00
1.841699999999999893e+00
1.832600000000000007e+00
1.827700000000000102e+00
1.836500000000000021e+00
1.830400000000000027e+00
1.826899999999999968e+00
1.819199999999999928e+00
1.818000000000000060e+00
1.825700000000000101e+00
1.830000000000000071e+00
1.824799999999999978e+00
1.824200000000000044e+00
1.823900000000000077e+00
1.828799999999999981e+00
1.834000000000000075e+00
1.828699999999999992e+00
1.819299999999999917e+00
1.819099999999999939e+00
1.824600000000000000e+00
1.811099999999999932e+00
1.808899999999999952e+00
1.805500000000000105e+00
1.812899999999999956e+00
1.811500000000000110e+00
1.809299999999999908e+00
1.812599999999999989e+00
1.810499999999999998e+00
1.811099999999999932e+00
1.806799999999999962e+00
1.802499999999999991e+00
1.798100000000000032e+00
1.804699999999999971e+00
1.795600000000000085e+00
1.786699999999999955e+00
1.781700000000000061e+00
1.780699999999999950e+00
1.784299999999999997e+00
1.778100000000000014e+00
1.776799999999999935e+00
1.767700000000000049e+00
1.773700000000000054e+00
1.773500000000000076e+00
1.789299999999999891e+00
1.783600000000000074e+00
1.776000000000000023e+00
1.772000000000000020e+00
1.775600000000000067e+00
1.775600000000000067e+00
1.764699999999999935e+00
1.763600000000000056e+00
1.756000000000000005e+00
1.760899999999999910e+00
1.769600000000000062e+00
1.770599999999999952e+00
1.764599999999999946e+00
1.761900000000000022e+00
1.762499999999999956e+00
1.761500000000000066e+00
1.761500000000000066e+00
1.746899999999999897e+00
1.740799999999999903e+00
1.742799999999999905e+00
1.737100000000000088e+00
1.739999999999999991e+00
1.742299999999999960e+00
1.745999999999999996e+00
1.753200000000000092e+00
1.752099999999999991e+00
1.749200000000000088e+00
1.745000000000000107e+00
1.739900000000000002e+00
1.738899999999999890e+00
1.738499999999999934e+00
1.737900000000000000e+00
1.752299999999999969e+00
1.749200000000000088e+00
1.748099999999999987e+00
1.747999999999999998e+00
1.749800000000000022e+00
1.741300000000000070e+00
1.743900000000000006e+00
1.745900000000000007e+00
1.740399999999999947e+00
1.745500000000000052e+00
1.737900000000000000e+00
1.722399999999999931e+00
1.719200000000000061e+00
1.713000000000000078e+00
1.713200000000000056e+00
1.717799999999999994e+00
1.710700000000000109e+00
1.708099999999999952e+00
1.708099999999999952e+00
1.714399999999999924e+00
1.703899999999999970e+00
1.696499999999999897e+00
1.700099999999999945e+00
1.711600000000000010e+00
1.712599999999999900e+00
1.713000000000000078e+00
1.707799999999999985e+00
1.715799999999999992e+00
1.702199999999999935e+00
1.707200000000000051e+00
1.706099999999999950e+00
1.703000000000000069e+00
1.702399999999999913e+00
1.703300000000000036e+00
1.702299999999999924e+00
1.703300000000000036e+00
1.706399999999999917e+00
1.698900000000000077e+00
1.693999999999999950e+00
1.689999999999999947e+00
1.682299999999999907e+00
1.676099999999999923e+00
1.671799999999999953e+00
1.661299999999999999e+00
1.651399999999999979e+00
1.655299999999999994e+00
1.653899999999999926e+00
1.651999999999999913e+00
1.652600000000000069e+00
1.653899999999999926e+00
1.652500000000000080e+00
1.655100000000000016e+00
1.646900000000000031e+00
1.654400000000000093e+00
1.643499999999999961e+00
1.645799999999999930e+00
1.646099999999999897e+00
1.652300000000000102e+00
1.649199999999999999e+00
1.649599999999999955e+00
1.647499999999999964e+00
1.653599999999999959e+00
1.655899999999999928e+00
1.648700000000000054e+00
1.647499999999999964e+00
1.651299999999999990e+00
1.657100000000000017e+00
1.651899999999999924e+00
1.655699999999999950e+00
1.655299999999999994e+00
1.656700000000000061e+00
1.655799999999999939e+00
1.657599999999999962e+00
1.659299999999999997e+00
1.659000000000000030e+00
1.657899999999999929e+00
1.661299999999999999e+00
1.659200000000000008e+00
1.657699999999999951e+00
1.659799999999999942e+00
1.655100000000000016e+00
1.641699999999999937e+00
1.630700000000000038e+00
1.629899999999999904e+00
1.631099999999999994e+00
1.623699999999999921e+00
1.620900000000000007e+00
1.620500000000000052e+00
1.613499999999999934e+00
1.605599999999999916e+00
1.599099999999999966e+00
1.594300000000000050e+00
1.600100000000000078e+00
1.598899999999999988e+00
1.593699999999999894e+00
1.595699999999999896e+00
1.591699999999999893e+00
1.586699999999999999e+00
1.585499999999999909e+00
1.578699999999999992e+00
1.573299999999999921e+00
1.579199999999999937e+00
1.577900000000000080e+00
1.584699999999999998e+00
1.572699999999999987e+00
1.568300000000000027e+00
1.562300000000000022e+00
1.561700000000000088e+00
1.565600000000000103e+00
1.563399999999999901e+00
1.562799999999999967e+00
1.553299999999999903e+00
1.553800000000000070e+00
1.556000000000000050e+00
1.553800000000000070e+00
1.553700000000000081e+00
1.548100000000000032e+00
1.544799999999999951e+00
1.551800000000000068e+00
1.553099999999999925e+00
1.545600000000000085e+00
1.545400000000000107e+00
1.551399999999999890e+00
1.552000000000000046e+00
1.550499999999999989e+00
1.550499999999999989e+00
1.551700000000000079e+00
1.555299999999999905e+00
1.551299999999999901e+00
1.549400000000000110e+00
1.557399999999999896e+00
1.556799999999999962e+00
1.554999999999999938e+00
1.546100000000000030e+00
1.543400000000000105e+00
1.542100000000000026e+00
1.545700000000000074e+00
1.541400000000000103e+00
1.533500000000000085e+00
1.534699999999999953e+00
1.521800000000000042e+00
1.516999999999999904e+00
1.517200000000000104e+00
1.511500000000000066e+00
1.510699999999999932e+00
1.510799999999999921e+00
1.502799999999999914e+00
1.496799999999999908e+00
1.495700000000000029e+00
1.493600000000000039e+00
1.499600000000000044e+00
1.499200000000000088e+00
1.504899999999999904e+00
1.496799999999999908e+00
1.497900000000000009e+00
1.498199999999999976e+00
1.497100000000000097e+00
1.495300000000000074e+00
1.495100000000000096e+00
1.488599999999999923e+00
1.495800000000000018e+00
1.499800000000000022e+00
1.487100000000000088e+00
1.485100000000000087e+00
1.483800000000000008e+00
1.474800000000000111e+00
1.479400000000000048e+00
1.480499999999999927e+00
1.470099999999999962e+00
1.467400000000000038e+00
1.465799999999999992e+00
1.473600000000000021e+00
1.469100000000000072e+00
1.464299999999999935e+00
1.463600000000000012e+00
1.453799999999999981e+00
1.450800000000000090e+00
1.443000000000000060e+00
1.443699999999999983e+00
1.439599999999999991e+00
1.440600000000000103e+00
1.437599999999999989e+00
1.438800000000000079e+00
1.437200000000000033e+00
1.436800000000000077e+00
1.442700000000000093e+00
1.438600000000000101e+00
1.431499999999999995e+00
1.433999999999999941e+00
1.433599999999999985e+00
1.432399999999999896e+00
1.424099999999999921e+00
1.425999999999999934e+00
1.406500000000000083e+00
1.404300000000000104e+00
1.408300000000000107e+00
1.406600000000000072e+00
1.399199999999999999e+00
1.404700000000000060e+00
1.403599999999999959e+00
1.392400000000000082e+00
1.404400000000000093e+00
1.403100000000000014e+00
1.408099999999999907e+00
1.408800000000000052e+00
1.402199999999999891e+00
1.399299999999999988e+00
1.392700000000000049e+00
1.393799999999999928e+00
1.386200000000000099e+00
1.381599999999999939e+00
1.386900000000000022e+00
1.378800000000000026e+00
1.375199999999999978e+00
1.365499999999999936e+00
1.365799999999999903e+00
1.357299999999999951e+00
1.354000000000000092e+00
1.354000000000000092e+00
1.346000000000000085e+00
1.348700000000000010e+00
1.351199999999999957e+00
1.344300000000000050e+00
1.340700000000000003e+00
1.338600000000000012e+00
1.334999999999999964e+00
1.338700000000000001e+00
1.338899999999999979e+00
1.329900000000000082e+00
1.319900000000000073e+00
1.318699999999999983e+00
1.320000000000000062e+00
1.326899999999999968e+00
1.325099999999999945e+00
1.329199999999999937e+00
1.333700000000000108e+00
1.339699999999999891e+00
1.341800000000000104e+00
1.335499999999999909e+00
1.334000000000000075e+00
1.331399999999999917e+00
1.326500000000000012e+00
1.319800000000000084e+00
1.316899999999999959e+00
1.308400000000000007e+00
1.304499999999999993e+00
1.305199999999999916e+00
1.293199999999999905e+00
1.287099999999999911e+00
1.279700000000000060e+00
1.277600000000000069e+00
1.276299999999999990e+00
1.277600000000000069e+00
1.272399999999999975e+00
1.269200000000000106e+00
1.269600000000000062e+00
1.265900000000000025e+00
1.263400000000000079e+00
1.256099999999999994e+00
1.258799999999999919e+00
1.256699999999999928e+00
1.253600000000000048e+00
1.255400000000000071e+00
1.251900000000000013e+00
1.249700000000000033e+00
1.239200000000000079e+00
1.236099999999999977e+00
1.236199999999999966e+00
1.241900000000000004e+00
1.242199999999999971e+00
1.236499999999999932e+00
1.236099999999999977e+00
1.234199999999999964e+00
1.226799999999999891e+00
1.225899999999999990e+00
1.228599999999999914e+00
1.222599999999999909e+00
1.214900000000000091e+00
1.220099999999999962e+00
1.226699999999999902e+00
1.224399999999999933e+00
1.223700000000000010e+00
1.209400000000000031e+00
1.207200000000000051e+00
1.203500000000000014e+00
1.205300000000000038e+00
1.199100000000000055e+00
1.202099999999999946e+00
1.191899999999999959e+00
1.191300000000000026e+00
1.192499999999999893e+00
1.187699999999999978e+00
1.189599999999999991e+00
1.190800000000000081e+00
1.187100000000000044e+00
1.183699999999999974e+00
1.184700000000000086e+00
1.180800000000000072e+00
1.180199999999999916e+00
1.182199999999999918e+00
1.182099999999999929e+00
1.187899999999999956e+00
1.188499999999999890e+00
1.185100000000000042e+00
1.181699999999999973e+00
1.175400000000000000e+00
1.175300000000000011e+00
1.172299999999999898e+00
1.174099999999999921e+00
1.170400000000000107e+00
1.169999999999999929e+00
1.166500000000000092e+00
1.167100000000000026e+00
1.169799999999999951e+00
1.162199999999999900e+00
1.168500000000000094e+00
1.164400000000000102e+00
1.152500000000000080e+00
1.144500000000000073e+00
1.141199999999999992e+00
1.139799999999999924e+00
1.140600000000000058e+00
1.131699999999999928e+00
1.133599999999999941e+00
1.132400000000000073e+00
1.125199999999999978e+00
1.126900000000000013e+00
1.123899999999999899e+00
1.127499999999999947e+00
1.122500000000000053e+00
1.127799999999999914e+00
1.128400000000000070e+00
1.122800000000000020e+00
1.116400000000000059e+00
1.114600000000000035e+00
1.106400000000000050e+00
1.103799999999999892e+00
1.101599999999999913e+00
1.093299999999999939e+00
1.087399999999999922e+00
1.090200000000000058e+00
1.080200000000000049e+00
1.071399999999999908e+00
1.074000000000000066e+00
1.067600000000000104e+00
1.062100000000000044e+00
1.062899999999999956e+00
1.061800000000000077e+00
1.061900000000000066e+00
1.059800000000000075e+00
1.064999999999999947e+00
1.058999999999999941e+00
1.044000000000000039e+00
1.043500000000000094e+00
1.044799999999999951e+00
1.041600000000000081e+00
1.038100000000000023e+00
1.031199999999999894e+00
1.023700000000000054e+00
1.018199999999999994e+00
1.015200000000000102e+00
1.018000000000000016e+00
1.018000000000000016e+00
1.012899999999999912e+00
1.011200000000000099e+00
1.010299999999999976e+00
1.008999999999999897e+00
1.007600000000000051e+00
1.008099999999999996e+00
1.007500000000000062e+00
1.010499999999999954e+00
1.009900000000000020e+00
1.009400000000000075e+00
1.004999999999999893e+00
1.003500000000000059e+00
1.001600000000000046e+00
9.943999999999999506e-01
9.930999999999999828e-01
9.900999999999999801e-01
9.868000000000000105e-01
9.915000000000000480e-01
9.889000000000000012e-01
9.816000000000000281e-01
9.845000000000000417e-01
9.878000000000000114e-01
9.849999999999999867e-01
9.808999999999999941e-01
9.809999999999999831e-01
9.798000000000000043e-01
9.834000000000000519e-01
9.811999999999999611e-01
9.777000000000000135e-01
9.650999999999999579e-01
9.617999999999999883e-01
9.570999999999999508e-01
9.566999999999999948e-01
9.486999999999999877e-01
9.451000000000000512e-01
9.413000000000000256e-01
9.394000000000000128e-01
9.324999999999999956e-01
9.239000000000000545e-01
9.193000000000000060e-01
9.197999999999999510e-01
9.169000000000000483e-01
9.150000000000000355e-01
9.141000000000000236e-01
9.127999999999999448e-01
9.135999999999999677e-01
9.095999999999999641e-01
9.073999999999999844e-01
9.035999999999999588e-01
9.016999999999999460e-01
8.960000000000000187e-01
8.959000000000000297e-01
8.942999999999999838e-01
8.881999999999999895e-01
8.869000000000000217e-01
8.890000000000000124e-01
8.891999999999999904e-01
8.878000000000000336e-01
8.810999999999999943e-01
8.776000000000000467e-01
8.784999999999999476e-01
8.771999999999999797e-01
8.738000000000000211e-01
8.733999999999999542e-01
8.697000000000000286e-01
8.650999999999999801e-01
8.618999999999999995e-01
8.532999999999999474e-01
8.484000000000000430e-01
8.459999999999999742e-01
8.396000000000000130e-01
8.324000000000000288e-01
8.270999999999999464e-01
8.233000000000000318e-01
8.283000000000000362e-01
8.285000000000000142e-01
8.327999999999999847e-01
8.337999999999999856e-01
8.308999999999999719e-01
8.257999999999999785e-01
8.252000000000000446e-01
8.244000000000000217e-01
8.188999999999999613e-01
8.194000000000000172e-01
8.156999999999999806e-01
8.205000000000000071e-01
8.205999999999999961e-01
8.125999999999999890e-01
8.112000000000000322e-01
8.135000000000000009e-01
8.151000000000000467e-01
8.134000000000000119e-01
8.075999999999999845e-01
8.031000000000000361e-01
7.970000000000000417e-01
7.931000000000000272e-01
7.920000000000000373e-01
7.923000000000000043e-01
7.887999999999999456e-01
7.887999999999999456e-01
7.782000000000000028e-01
7.833999999999999853e-01
7.848000000000000531e-01
7.838000000000000522e-01
7.832999999999999963e-01
7.781000000000000139e-01
7.778000000000000469e-01
7.704999999999999627e-01
7.729000000000000314e-01
7.671999999999999931e-01
7.632999999999999785e-01
7.572999999999999732e-01
7.534999999999999476e-01
7.522999999999999687e-01
7.548000000000000265e-01
7.528000000000000247e-01
7.511999999999999789e-01
7.440999999999999837e-01
7.406000000000000361e-01
7.349999999999999867e-01
7.378000000000000114e-01
7.436000000000000387e-01
7.393999999999999462e-01
7.371999999999999664e-01
7.359999999999999876e-01
7.291999999999999593e-01
7.237999999999999989e-01
7.223000000000000531e-01
7.191999999999999504e-01
7.215000000000000302e-01
7.136000000000000121e-01
7.184000000000000385e-01
7.167999999999999927e-01
7.136000000000000121e-01
7.063000000000000389e-01
7.074000000000000288e-01
7.024000000000000243e-01
7.003000000000000336e-01
7.022000000000000464e-01
6.989999999999999547e-01
6.959999999999999520e-01
6.955000000000000071e-01
6.922000000000000375e-01
6.935000000000000053e-01
6.912000000000000366e-01
6.867999999999999661e-01
6.807999999999999607e-01
6.736999999999999655e-01
6.691000000000000281e-01
6.627999999999999448e-01
6.641000000000000236e-01
6.609000000000000430e-01
6.642000000000000126e-01
6.606999999999999540e-01
6.559000000000000385e-01
6.532999999999999918e-01
6.499000000000000332e-01
6.493999999999999773e-01
6.532000000000000028e-01
6.457000000000000517e-01
6.401999999999999913e-01
6.368000000000000327e-01
6.366000000000000547e-01
6.349000000000000199e-01
6.369000000000000217e-01
6.391999999999999904e-01
6.380000000000000115e-01
6.375999999999999446e-01
6.389000000000000234e-01
6.336000000000000520e-01
6.291999999999999815e-01
6.227000000000000313e-01
6.170999999999999819e-01
6.149999999999999911e-01
6.125000000000000444e-01
6.090999999999999748e-01
6.054000000000000492e-01
6.045000000000000373e-01
5.988999999999999879e-01
6.011999999999999567e-01
5.960999999999999632e-01
5.914000000000000368e-01
5.806000000000000050e-01
5.774000000000000243e-01
5.709999999999999520e-01
5.662000000000000366e-01
5.654000000000000137e-01
5.606999999999999762e-01
5.600000000000000533e-01
5.557999999999999607e-01
5.472000000000000197e-01
5.447999999999999510e-01
5.443000000000000060e-01
5.425999999999999712e-01
5.387999999999999456e-01
5.366999999999999549e-01
5.346999999999999531e-01
5.322000000000000064e-01
5.292999999999999927e-01
5.264999999999999680e-01
5.262000000000000011e-01
5.240000000000000213e-01
5.193999999999999728e-01
5.184999999999999609e-01
5.133999999999999675e-01
5.116000000000000547e-01
5.120999999999999996e-01
5.089000000000000190e-01
5.127000000000000446e-01
5.064999999999999503e-01
5.063999999999999613e-01
5.011999999999999789e-01
5.011999999999999789e-01
4.980999999999999872e-01
5.009000000000000119e-01
5.018000000000000238e-01
4.994999999999999996e-01
4.946999999999999731e-01
4.898000000000000131e-01
4.852000000000000202e-01
4.825999999999999734e-01
4.791000000000000258e-01
4.741000000000000214e-01
4.714999999999999747e-01
4.675000000000000266e-01
4.688999999999999835e-01
4.663999999999999813e-01
4.580000000000000182e-01
4.547999999999999821e-01
4.576000000000000068e-01
4.521999999999999909e-01
4.475000000000000089e-01
4.480000000000000093e-01
4.484000000000000208e-01
4.430000000000000049e-01
4.433000000000000274e-01
4.465000000000000080e-01
4.455000000000000071e-01
4.433000000000000274e-01
4.441999999999999837e-01
4.405000000000000027e-01
4.445000000000000062e-01
4.457999999999999741e-01
4.480000000000000093e-01
4.480000000000000093e-01
4.481999999999999873e-01
4.408000000000000251e-01
4.334000000000000075e-01
4.275999999999999801e-01
4.283000000000000140e-01
4.264000000000000012e-01
4.237000000000000210e-01
4.212000000000000188e-01
4.183999999999999941e-01
4.123999999999999888e-01
4.077000000000000068e-01
4.077000000000000068e-01
4.057000000000000051e-01
4.020000000000000240e-01
3.943999999999999728e-01
3.934000000000000274e-01
3.909000000000000252e-01
3.886000000000000010e-01
3.870999999999999996e-01
3.855000000000000093e-01
3.846999999999999864e-01
3.849000000000000199e-01
3.821999999999999842e-01
3.795999999999999930e-01
3.791999999999999815e-01
3.746999999999999775e-01
3.759000000000000119e-01
3.764000000000000123e-01
3.730999999999999872e-01
3.721999999999999753e-01
3.696999999999999731e-01
3.674999999999999933e-01
3.598000000000000087e-01
3.608999999999999986e-01
3.578999999999999959e-01
3.543999999999999928e-01
3.519999999999999796e-01
3.487999999999999989e-01
3.512000000000000122e-01
3.526000000000000245e-01
3.508000000000000007e-01
3.471000000000000196e-01
3.477000000000000091e-01
3.426000000000000156e-01
3.431000000000000161e-01
3.418999999999999817e-01
3.421000000000000152e-01
3.432999999999999940e-01
3.427999999999999936e-01
3.393999999999999795e-01
3.347999999999999865e-01
3.360000000000000209e-01
3.336999999999999966e-01
3.264000000000000234e-01
3.264000000000000234e-01
3.251999999999999891e-01
3.226999999999999869e-01
3.178000000000000269e-01
3.131999999999999784e-01
3.140000000000000013e-01
3.104999999999999982e-01
3.104000000000000092e-01
3.093000000000000194e-01
3.039000000000000035e-01
3.015999999999999792e-01
3.017000000000000237e-01
2.950999999999999734e-01
2.938000000000000056e-01
2.914999999999999813e-01
2.892000000000000126e-01
2.837999999999999967e-01
2.839999999999999747e-01
2.866000000000000214e-01
2.785000000000000253e-01
2.763999999999999790e-01
2.688999999999999724e-01
2.636000000000000010e-01
2.609000000000000208e-01
2.591999999999999860e-01
2.585999999999999965e-01
2.595999999999999974e-01
2.581999999999999851e-01
2.564000000000000168e-01
2.553000000000000269e-01
2.538000000000000256e-01
2.510999999999999899e-01
2.539000000000000146e-01
2.521999999999999797e-01
2.479000000000000092e-01
2.464000000000000079e-01
2.439999999999999947e-01
2.396000000000000074e-01
2.394000000000000017e-01
2.348000000000000087e-01
2.323000000000000065e-01
2.281999999999999862e-01
2.214000000000000135e-01
2.200000000000000011e-01
2.142000000000000015e-01
2.149000000000000077e-01
2.129999999999999949e-01
2.116000000000000103e-01
2.094000000000000028e-01
2.066000000000000059e-01
2.066999999999999948e-01
2.048999999999999988e-01
2.041999999999999926e-01
2.048000000000000098e-01
1.980999999999999983e-01
1.970000000000000084e-01
1.947000000000000119e-01
1.938999999999999890e-01
1.925999999999999934e-01
1.890000000000000013e-01
1.875000000000000000e-01
1.845999999999999863e-01
1.834000000000000075e-01
1.839000000000000079e-01
1.842999999999999916e-01
1.822000000000000008e-01
1.751999999999999946e-01
1.738000000000000100e-01
1.738000000000000100e-01
1.733000000000000096e-01
1.706000000000000016e-01
1.675999999999999990e-01
1.645000000000000073e-01
1.633999999999999897e-01
1.589000000000000135e-01
1.552999999999999936e-01
1.547999999999999932e-01
1.522999999999999909e-01
1.534000000000000086e-01
1.524000000000000077e-01
1.476999999999999980e-01
1.461999999999999966e-01
1.454000000000000015e-01
1.433999999999999997e-01
1.433999999999999997e-01
1.421000000000000041e-01
1.403999999999999970e-01
1.386000000000000010e-01
1.386999999999999900e-01
1.370000000000000107e-01
1.328999999999999904e-01
1.313999999999999890e-01
1.290000000000000036e-01
1.270000000000000018e-01
1.255000000000000004e-01
1.248999999999999971e-01
1.224999999999999978e-01
1.195999999999999980e-01
1.203000000000000042e-01
1.202000000000000013e-01
1.192000000000000004e-01
1.168000000000000010e-01
1.161999999999999977e-01
1.139000000000000012e-01
1.131000000000000061e-01
1.131999999999999951e-01
1.100000000000000006e-01
1.084999999999999992e-01
1.084999999999999992e-01
1.048999999999999932e-01
1.034000000000000058e-01
1.009000000000000036e-01
9.929999999999999938e-02
9.779999999999999805e-02
9.529999999999999583e-02
9.450000000000000067e-02
9.229999999999999316e-02
9.320000000000000506e-02
9.239999999999999603e-02
8.920000000000000151e-02
8.719999999999999973e-02
8.550000000000000655e-02
8.450000000000000566e-02
8.229999999999999816e-02
8.119999999999999440e-02
8.029999999999999638e-02
7.989999999999999880e-02
8.000000000000000167e-02
7.760000000000000231e-02
7.770000000000000517e-02
7.670000000000000429e-02
7.290000000000000646e-02
7.049999999999999323e-02
7.099999999999999367e-02
7.009999999999999565e-02
6.880000000000000004e-02
6.759999999999999343e-02
6.700000000000000400e-02
6.700000000000000400e-02
6.550000000000000266e-02
6.419999999999999318e-02
6.350000000000000089e-02
6.199999999999999956e-02
6.079999999999999988e-02
5.999999999999999778e-02
5.729999999999999677e-02
5.650000000000000161e-02
5.510000000000000314e-02
5.619999999999999996e-02
5.550000000000000072e-02
5.390000000000000346e-02
5.199999999999999761e-02
5.260000000000000092e-02
5.109999999999999959e-02
4.929999999999999660e-02
4.750000000000000056e-02
4.730000000000000177e-02
4.769999999999999934e-02
4.809999999999999692e-02
4.599999999999999922e-02
4.329999999999999821e-02
4.290000000000000063e-02
4.259999999999999898e-02
4.259999999999999898e-02
4.150000000000000216e-02
4.070000000000000007e-02
4.039999999999999841e-02
3.950000000000000039e-02
3.729999999999999982e-02
3.690000000000000224e-02
3.649999999999999772e-02
3.579999999999999849e-02
3.629999999999999893e-02
3.649999999999999772e-02
3.590000000000000135e-02
3.610000000000000014e-02
3.570000000000000256e-02
3.520000000000000212e-02
3.459999999999999881e-02
3.420000000000000123e-02
3.509999999999999926e-02
3.450000000000000289e-02
3.370000000000000079e-02
3.289999999999999869e-02
3.280000000000000276e-02
3.230000000000000232e-02
3.049999999999999933e-02
3.039999999999999994e-02
3.070000000000000159e-02
3.049999999999999933e-02
2.989999999999999949e-02
2.900000000000000147e-02
2.779999999999999832e-02
2.730000000000000135e-02
2.709999999999999909e-02
2.580000000000000002e-02
2.460000000000000034e-02
2.330000000000000127e-02
2.309999999999999901e-02
2.210000000000000159e-02
2.139999999999999888e-02
2.009999999999999981e-02
1.959999999999999937e-02
1.969999999999999876e-02
1.919999999999999832e-02
1.849999999999999908e-02
1.849999999999999908e-02
1.859999999999999848e-02
1.770000000000000046e-02
1.729999999999999941e-02
1.660000000000000017e-02
1.590000000000000094e-02
1.549999999999999989e-02
1.469999999999999953e-02
1.400000000000000029e-02
1.409999999999999969e-02
1.409999999999999969e-02
1.349999999999999985e-02
1.290000000000000001e-02
1.230000000000000017e-02
1.129999999999999928e-02
1.039999999999999952e-02
9.900000000000000813e-03
8.899999999999999925e-03
8.500000000000000611e-03
8.099999999999999561e-03
7.900000000000000772e-03
8.200000000000000691e-03
7.799999999999999642e-03
7.499999999999999722e-03
7.300000000000000065e-03
6.799999999999999621e-03
6.700000000000000226e-03
6.700000000000000226e-03
6.899999999999999883e-03
6.499999999999999702e-03
6.100000000000000387e-03
5.599999999999999943e-03
5.100000000000000366e-03
4.799999999999999580e-03
4.499999999999999660e-03
4.599999999999999922e-03
4.100000000000000346e-03
4.199999999999999740e-03
4.499999999999999660e-03
4.100000000000000346e-03
4.199999999999999740e-03
4.000000000000000083e-03
3.799999999999999992e-03
3.200000000000000153e-03
3.299999999999999982e-03
3.500000000000000073e-03
3.299999999999999982e-03
3.399999999999999811e-03
3.599999999999999901e-03
3.599999999999999901e-03
3.700000000000000164e-03
3.399999999999999811e-03
3.200000000000000153e-03
3.000000000000000062e-03
2.700000000000000143e-03
2.500000000000000052e-03
2.299999999999999961e-03
2.000000000000000042e-03
2.099999999999999870e-03
2.000000000000000042e-03
2.099999999999999870e-03
1.699999999999999905e-03
1.399999999999999986e-03
1.000000000000000021e-03
1.000000000000000021e-03
1.100000000000000066e-03
8.999999999999999754e-04
1.000000000000000021e-03
6.999999999999999929e-04
6.999999999999999929e-04
5.999999999999999474e-04
5.999999999999999474e-04
5.000000000000000104e-04
2.999999999999999737e-04
2.000000000000000096e-04
1.000000000000000048e-04
1.000000000000000048e-04
1.000000000000000048e-04
1.000000000000000048e-04
1.000000000000000048e-04
1.000000000000000048e-04
1.000000000000000048e-04
2.000000000000000096e-04
2.999999999999999737e-04
2.999999999999999737e-04
2.999999999999999737e-04
2.999999999999999737e-04
2.000000000000000096e-04
1.000000000000000048e-04
1.000000000000000048e-04
1.000000000000000048e-04
1.000000000000000048e-04
1.000000000000000048e-04
1.000000000000000048e-04
1.000000000000000048e-04
1.000000000000000048e-04
1.000000000000000048e-04
1.000000000000000048e-04
0.000000000000000000e+00
0.000000000000000000e+00
0.000000000000000000e+00
0.000000000000000000e+00
0.000000000000000000e+00
0.000000000000000000e+00
0.000000000000000000e+00
0.000000000000000000e+00
0.000000000000000000e+00
0.000000000000000000e+00
0.000000000000000000e+00
0.000000000000000000e+00
0.000000000000000000e+00
0.000000000000000000e+00
0.000000000000000000e+00
0.000000000000000000e+00
0.000000000000000000e+00
0.000000000000000000e+00
0.000000000000000000e+00
0.000000000000000000e+00
0.000000000000000000e+00
0.000000000000000000e+00
0.000000000000000000e+00
0.000000000000000000e+00
0.000000000000000000e+00
0.000000000000000000e+00
0.000000000000000000e+00
0.000000000000000000e+00
0.000000000000000000e+00
0.000000000000000000e+00
0.000000000000000000e+00
0.000000000000000000e+00
0.000000000000000000e+00
0.000000000000000000e+00
0.000000000000000000e+00
0.000000000000000000e+00
0.000000000000000000e+00
0.000000000000000000e+00
0.000000000000000000e+00
0.000000000000000000e+00
0.000000000000000000e+00
0.000000000000000000e+00
0.000000000000000000e+00
0.000000000000000000e+00
0.000000000000000000e+00
0.000000000000000000e+00
0.000000000000000000e+00
0.000000000000000000e+00
0.000000000000000000e+00
0.000000000000000000e+00
0.000000000000000000e+00
0.000000000000000000e+00
0.000000000000000000e+00
0.000000000000000000e+00
0.000000000000000000e+00
0.000000000000000000e+00
0.000000000000000000e+00
0.000000000000000000e+00
0.000000000000000000e+00
0.000000000000000000e+00
0.000000000000000000e+00
0.000000000000000000e+00
0.000000000000000000e+00
0.000000000000000000e+00
0.000000000000000000e+00
0.000000000000000000e+00
0.000000000000000000e+00
0.000000000000000000e+00
0.000000000000000000e+00
0.000000000000000000e+00
0.000000000000000000e+00
0.000000000000000000e+00
0.000000000000000000e+00
0.000000000000000000e+00
0.000000000000000000e+00
0.000000000000000000e+00
0.000000000000000000e+00
0.000000000000000000e+00
0.000000000000000000e+00
0.000000000000000000e+00
0.000000000000000000e+00
0.000000000000000000e+00
0.000000000000000000e+00
0.000000000000000000e+00
0.000000000000000000e+00
0.000000000000000000e+00
0.000000000000000000e+00
0.000000000000000000e+00
0.000000000000000000e+00
0.000000000000000000e+00
0.000000000000000000e+00
0.000000000000000000e+00
0.000000000000000000e+00
0.000000000000000000e+00
0.000000000000000000e+00
0.000000000000000000e+00
0.000000000000000000e+00
0.000000000000000000e+00
0.000000000000000000e+00
0.000000000000000000e+00
0.000000000000000000e+00
0.000000000000000000e+00
0.000000000000000000e+00
0.000000000000000000e+00
0.000000000000000000e+00
0.000000000000000000e+00
0.000000000000000000e+00
0.000000000000000000e+00
0.000000000000000000e+00
0.000000000000000000e+00
0.000000000000000000e+00
0.000000000000000000e+00
0.000000000000000000e+00
0.000000000000000000e+00
0.000000000000000000e+00
0.000000000000000000e+00
0.000000000000000000e+00
0.000000000000000000e+00
0.000000000000000000e+00
0.000000000000000000e+00
0.000000000000000000e+00
0.000000000000000000e+00
0.000000000000000000e+00
0.000000000000000000e+00
0.000000000000000000e+00
0.000000000000000000e+00
0.000000000000000000e+00
0.000000000000000000e+00
0.000000000000000000e+00
0.000000000000000000e+00
0.000000000000000000e+00
0.000000000000000000e+00
0.000000000000000000e+00
0.000000000000000000e+00
0.000000000000000000e+00
0.000000000000000000e+00
0.000000000000000000e+00
0.000000000000000000e+00
0.000000000000000000e+00
0.000000000000000000e+00
0.000000000000000000e+00
0.000000000000000000e+00
0.000000000000000000e+00
0.000000000000000000e+00
0.000000000000000000e+00
0.000000000000000000e+00
0.000000000000000000e+00
0.000000000000000000e+00
0.000000000000000000e+00
0.000000000000000000e+00
0.000000000000000000e+00
0.000000000000000000e+00
0.000000000000000000e+00
0.000000000000000000e+00
0.000000000000000000e+00
0.000000000000000000e+00
0.000000000000000000e+00
0.000000000000000000e+00
0.000000000000000000e+00
0.000000000000000000e+00
0.000000000000000000e+00
0.000000000000000000e+00
0.000000000000000000e+00
0.000000000000000000e+00
0.000000000000000000e+00
0.000000000000000000e+00
0.000000000000000000e+00
0.000000000000000000e+00
0.000000000000000000e+00
0.000000000000000000e+00
0.000000000000000000e+00
0.000000000000000000e+00
0.000000000000000000e+00
0.000000000000000000e+00
0.000000000000000000e+00
0.000000000000000000e+00
0.000000000000000000e+00
0.000000000000000000e+00
0.000000000000000000e+00
0.000000000000000000e+00
0.000000000000000000e+00
0.000000000000000000e+00
0.000000000000000000e+00
0.000000000000000000e+00
0.000000000000000000e+00
0.000000000000000000e+00
0.000000000000000000e+00
0.000000000000000000e+00
0.000000000000000000e+00
0.000000000000000000e+00
0.000000000000000000e+00
0.000000000000000000e+00
0.000000000000000000e+00
0.000000000000000000e+00
0.000000000000000000e+00
0.000000000000000000e+00
0.000000000000000000e+00
0.000000000000000000e+00
0.000000000000000000e+00
0.000000000000000000e+00
0.000000000000000000e+00
0.000000000000000000e+00
0.000000000000000000e+00
0.000000000000000000e+00
0.000000000000000000e+00
0.000000000000000000e+00
0.000000000000000000e+00
0.000000000000000000e+00
0.000000000000000000e+00
0.000000000000000000e+00
0.000000000000000000e+00
0.000000000000000000e+00
0.000000000000000000e+00
0.000000000000000000e+00
0.000000000000000000e+00
0.000000000000000000e+00
0.000000000000000000e+00
0.000000000000000000e+00
0.000000000000000000e+00
0.000000000000000000e+00
0.000000000000000000e+00
0.000000000000000000e+00
0.000000000000000000e+00
0.000000000000000000e+00
0.000000000000000000e+00
0.000000000000000000e+00
0.000000000000000000e+00
0.000000000000000000e+00
0.000000000000000000e+00
0.000000000000000000e+00
0.000000000000000000e+00
0.000000000000000000e+00
0.000000000000000000e+00
0.000000000000000000e+00
0.000000000000000000e+00
0.000000000000000000e+00
0.000000000000000000e+00
0.000000000000000000e+00
0.000000000000000000e+00
0.000000000000000000e+00
0.000000000000000000e+00
0.000000000000000000e+00
0.000000000000000000e+00
0.000000000000000000e+00
0.000000000000000000e+00
0.000000000000000000e+00
0.000000000000000000e+00
0.000000000000000000e+00
0.000000000000000000e+00
0.000000000000000000e+00
0.000000000000000000e+00
0.000000000000000000e+00
0.000000000000000000e+00
0.000000000000000000e+00
0.000000000000000000e+00
0.000000000000000000e+00
0.000000000000000000e+00
0.000000000000000000e+00
0.000000000000000000e+00
0.000000000000000000e+00
0.000000000000000000e+00
0.000000000000000000e+00
0.000000000000000000e+00
0.000000000000000000e+00
0.000000000000000000e+00
0.000000000000000000e+00
0.000000000000000000e+00
0.000000000000000000e+00
0.000000000000000000e+00
0.000000000000000000e+00
0.000000000000000000e+00
0.000000000000000000e+00
0.000000000000000000e+00
0.000000000000000000e+00
0.000000000000000000e+00
0.000000000000000000e+00
0.000000000000000000e+00
0.000000000000000000e+00
0.000000000000000000e+00
0.000000000000000000e+00
0.000000000000000000e+00
0.000000000000000000e+00
0.000000000000000000e+00
0.000000000000000000e+00
0.000000000000000000e+00
0.000000000000000000e+00
0.000000000000000000e+00
0.000000000000000000e+00
0.000000000000000000e+00
0.000000000000000000e+00
0.000000000000000000e+00
0.000000000000000000e+00
0.000000000000000000e+00
0.000000000000000000e+00
0.000000000000000000e+00
0.000000000000000000e+00
0.000000000000000000e+00
0.000000000000000000e+00
0.000000000000000000e+00
0.000000000000000000e+00
0.000000000000000000e+00
0.000000000000000000e+00
0.000000000000000000e+00
0.000000000000000000e+00
0.000000000000000000e+00
0.000000000000000000e+00
0.000000000000000000e+00
0.000000000000000000e+00
0.000000000000000000e+00
0.000000000000000000e+00
0.000000000000000000e+00
0.000000000000000000e+00
0.000000000000000000e+00
0.000000000000000000e+00
0.000000000000000000e+00
0.000000000000000000e+00
0.000000000000000000e+00
0.000000000000000000e+00
0.000000000000000000e+00
0.000000000000000000e+00
0.000000000000000000e+00
0.000000000000000000e+00
0.000000000000000000e+00
0.000000000000000000e+00
0.000000000000000000e+00
0.000000000000000000e+00
0.000000000000000000e+00
0.000000000000000000e+00
0.000000000000000000e+00
0.000000000000000000e+00
0.000000000000000000e+00
0.000000000000000000e+00
0.000000000000000000e+00
0.000000000000000000e+00
0.000000000000000000e+00
0.000000000000000000e+00
0.000000000000000000e+00
0.000000000000000000e+00
0.000000000000000000e+00
0.000000000000000000e+00
0.000000000000000000e+00
0.000000000000000000e+00
0.000000000000000000e+00
0.000000000000000000e+00
0.000000000000000000e+00
0.000000000000000000e+00
0.000000000000000000e+00
0.000000000000000000e+00
0.000000000000000000e+00
0.000000000000000000e+00
0.000000000000000000e+00
0.000000000000000000e+00
0.000000000000000000e+00
0.000000000000000000e+00
0.000000000000000000e+00
0.000000000000000000e+00
0.000000000000000000e+00
0.000000000000000000e+00
0.000000000000000000e+00
0.000000000000000000e+00
0.000000000000000000e+00
0.000000000000000000e+00
0.000000000000000000e+00
0.000000000000000000e+00
0.000000000000000000e+00
0.000000000000000000e+00
0.000000000000000000e+00
0.000000000000000000e+00
0.000000000000000000e+00
0.000000000000000000e+00
0.000000000000000000e+00
0.000000000000000000e+00
0.000000000000000000e+00
0.000000000000000000e+00
0.000000000000000000e+00
0.000000000000000000e+00
0.000000000000000000e+00
0.000000000000000000e+00
0.000000000000000000e+00
0.000000000000000000e+00
0.000000000000000000e+00
0.000000000000000000e+00
0.000000000000000000e+00
0.000000000000000000e+00
0.000000000000000000e+00
0.000000000000000000e+00
0.000000000000000000e+00
0.000000000000000000e+00
0.000000000000000000e+00
0.000000000000000000e+00
0.000000000000000000e+00
0.000000000000000000e+00
0.000000000000000000e+00
0.000000000000000000e+00
0.000000000000000000e+00
0.000000000000000000e+00
0.000000000000000000e+00
0.000000000000000000e+00
0.000000000000000000e+00
0.000000000000000000e+00
0.000000000000000000e+00
0.000000000000000000e+00
0.000000000000000000e+00
0.000000000000000000e+00
0.000000000000000000e+00
0.000000000000000000e+00
0.000000000000000000e+00
0.000000000000000000e+00
0.000000000000000000e+00
0.000000000000000000e+00
0.000000000000000000e+00
0.000000000000000000e+00
0.000000000000000000e+00
0.000000000000000000e+00
0.000000000000000000e+00
0.000000000000000000e+00
0.000000000000000000e+00
0.000000000000000000e+00
0.000000000000000000e+00
0.000000000000000000e+00
0.000000000000000000e+00
0.000000000000000000e+00
0.000000000000000000e+00
0.000000000000000000e+00
0.000000000000000000e+00
0.000000000000000000e+00
0.000000000000000000e+00
0.000000000000000000e+00
0.000000000000000000e+00
0.000000000000000000e+00
0.000000000000000000e+00
0.000000000000000000e+00
0.000000000000000000e+00
0.000000000000000000e+00
0.000000000000000000e+00
0.000000000000000000e+00
0.000000000000000000e+00
0.000000000000000000e+00
0.000000000000000000e+00
0.000000000000000000e+00
0.000000000000000000e+00
0.000000000000000000e+00
0.000000000000000000e+00
0.000000000000000000e+00
0.000000000000000000e+00
0.000000000000000000e+00
0.000000000000000000e+00
0.000000000000000000e+00
0.000000000000000000e+00
0.000000000000000000e+00
0.000000000000000000e+00
0.000000000000000000e+00
0.000000000000000000e+00
0.000000000000000000e+00
0.000000000000000000e+00
0.000000000000000000e+00
0.000000000000000000e+00
0.000000000000000000e+00
0.000000000000000000e+00
0.000000000000000000e+00
0.000000000000000000e+00
0.000000000000000000e+00
0.000000000000000000e+00
0.000000000000000000e+00
0.000000000000000000e+00
0.000000000000000000e+00
0.000000000000000000e+00
0.000000000000000000e+00
0.000000000000000000e+00
0.000000000000000000e+00
0.000000000000000000e+00
0.000000000000000000e+00
0.000000000000000000e+00
0.000000000000000000e+00
0.000000000000000000e+00
0.000000000000000000e+00
0.000000000000000000e+00
0.000000000000000000e+00
0.000000000000000000e+00
0.000000000000000000e+00
0.000000000000000000e+00
0.000000000000000000e+00
0.000000000000000000e+00
0.000000000000000000e+00
0.000000000000000000e+00
0.000000000000000000e+00
0.000000000000000000e+00
0.000000000000000000e+00
0.000000000000000000e+00
0.000000000000000000e+00
0.000000000000000000e+00
0.000000000000000000e+00
0.000000000000000000e+00
0.000000000000000000e+00
0.000000000000000000e+00
0.000000000000000000e+00
0.000000000000000000e+00
0.000000000000000000e+00
0.000000000000000000e+00
0.000000000000000000e+00
0.000000000000000000e+00
0.000000000000000000e+00
0.000000000000000000e+00
0.000000000000000000e+00
0.000000000000000000e+00
0.000000000000000000e+00
0.000000000000000000e+00
0.000000000000000000e+00
0.000000000000000000e+00
0.000000000000000000e+00
0.000000000000000000e+00
0.000000000000000000e+00
0.000000000000000000e+00
0.000000000000000000e+00
0.000000000000000000e+00
0.000000000000000000e+00
0.000000000000000000e+00
0.000000000000000000e+00
0.000000000000000000e+00
0.000000000000000000e+00
0.000000000000000000e+00
0.000000000000000000e+00
0.000000000000000000e+00
0.000000000000000000e+00
0.000000000000000000e+00
0.000000000000000000e+00
0.000000000000000000e+00
0.000000000000000000e+00
0.000000000000000000e+00
0.000000000000000000e+00
0.000000000000000000e+00
0.000000000000000000e+00
0.000000000000000000e+00
0.000000000000000000e+00
0.000000000000000000e+00
0.000000000000000000e+00
0.000000000000000000e+00
0.000000000000000000e+00
0.000000000000000000e+00
0.000000000000000000e+00
0.000000000000000000e+00
0.000000000000000000e+00
0.000000000000000000e+00
0.000000000000000000e+00
0.000000000000000000e+00
0.000000000000000000e+00
0.000000000000000000e+00
0.000000000000000000e+00
0.000000000000000000e+00
0.000000000000000000e+00
0.000000000000000000e+00
0.000000000000000000e+00
0.000000000000000000e+00
0.000000000000000000e+00
0.000000000000000000e+00
0.000000000000000000e+00
0.000000000000000000e+00
0.000000000000000000e+00
0.000000000000000000e+00
0.000000000000000000e+00
0.000000000000000000e+00
0.000000000000000000e+00
0.000000000000000000e+00
0.000000000000000000e+00
0.000000000000000000e+00
0.000000000000000000e+00
0.000000000000000000e+00
0.000000000000000000e+00
0.000000000000000000e+00
0.000000000000000000e+00
0.000000000000000000e+00
0.000000000000000000e+00
0.000000000000000000e+00
0.000000000000000000e+00
0.000000000000000000e+00
0.000000000000000000e+00
0.000000000000000000e+00
0.000000000000000000e+00
0.000000000000000000e+00
0.000000000000000000e+00
0.000000000000000000e+00
0.000000000000000000e+00
0.000000000000000000e+00
0.000000000000000000e+00
0.000000000000000000e+00
0.000000000000000000e+00
0.000000000000000000e+00
0.000000000000000000e+00
0.000000000000000000e+00
0.000000000000000000e+00
0.000000000000000000e+00
0.000000000000000000e+00
0.000000000000000000e+00
0.000000000000000000e+00
0.000000000000000000e+00
0.000000000000000000e+00
0.000000000000000000e+00
0.000000000000000000e+00
0.000000000000000000e+00
0.000000000000000000e+00
0.000000000000000000e+00
0.000000000000000000e+00
0.000000000000000000e+00
0.000000000000000000e+00
0.000000000000000000e+00
0.000000000000000000e+00
0.000000000000000000e+00
0.000000000000000000e+00
0.000000000000000000e+00
0.000000000000000000e+00
0.000000000000000000e+00
0.000000000000000000e+00
0.000000000000000000e+00
0.000000000000000000e+00
0.000000000000000000e+00
0.000000000000000000e+00
0.000000000000000000e+00
0.000000000000000000e+00
0.000000000000000000e+00
0.000000000000000000e+00
0.000000000000000000e+00
0.000000000000000000e+00
0.000000000000000000e+00
0.000000000000000000e+00
0.000000000000000000e+00
0.000000000000000000e+00
0.000000000000000000e+00
0.000000000000000000e+00
0.000000000000000000e+00
0.000000000000000000e+00
0.000000000000000000e+00
0.000000000000000000e+00
0.000000000000000000e+00
0.000000000000000000e+00
0.000000000000000000e+00
0.000000000000000000e+00
0.000000000000000000e+00
0.000000000000000000e+00
0.000000000000000000e+00
0.000000000000000000e+00
0.000000000000000000e+00
0.000000000000000000e+00
0.000000000000000000e+00
0.000000000000000000e+00
0.000000000000000000e+00
0.000000000000000000e+00
0.000000000000000000e+00
0.000000000000000000e+00
0.000000000000000000e+00
0.000000000000000000e+00
0.000000000000000000e+00
0.000000000000000000e+00
0.000000000000000000e+00
0.000000000000000000e+00
0.000000000000000000e+00
0.000000000000000000e+00
0.000000000000000000e+00
0.000000000000000000e+00
0.000000000000000000e+00
0.000000000000000000e+00
0.000000000000000000e+00
0.000000000000000000e+00
0.000000000000000000e+00
0.000000000000000000e+00
0.000000000000000000e+00
0.000000000000000000e+00
0.000000000000000000e+00
0.000000000000000000e+00
0.000000000000000000e+00
0.000000000000000000e+00
0.000000000000000000e+00
0.000000000000000000e+00
0.000000000000000000e+00
0.000000000000000000e+00
0.000000000000000000e+00
0.000000000000000000e+00
0.000000000000000000e+00
0.000000000000000000e+00
0.000000000000000000e+00
0.000000000000000000e+00
0.000000000000000000e+00
0.000000000000000000e+00
0.000000000000000000e+00
0.000000000000000000e+00
0.000000000000000000e+00
0.000000000000000000e+00
0.000000000000000000e+00
0.000000000000000000e+00
0.000000000000000000e+00
0.000000000000000000e+00
0.000000000000000000e+00
0.000000000000000000e+00
0.000000000000000000e+00
0.000000000000000000e+00
0.000000000000000000e+00
0.000000000000000000e+00
0.000000000000000000e+00
0.000000000000000000e+00
0.000000000000000000e+00
0.000000000000000000e+00
0.000000000000000000e+00
0.000000000000000000e+00
0.000000000000000000e+00
0.000000000000000000e+00
0.000000000000000000e+00
0.000000000000000000e+00
0.000000000000000000e+00
0.000000000000000000e+00
0.000000000000000000e+00
0.000000000000000000e+00
0.000000000000000000e+00
0.000000000000000000e+00
0.000000000000000000e+00
0.000000000000000000e+00
0.000000000000000000e+00
0.000000000000000000e+00
0.000000000000000000e+00
0.000000000000000000e+00
0.000000000000000000e+00
0.000000000000000000e+00
0.000000000000000000e+00
0.000000000000000000e+00
0.000000000000000000e+00
0.000000000000000000e+00
0.000000000000000000e+00
0.000000000000000000e+00
0.000000000000000000e+00
0.000000000000000000e+00
0.000000000000000000e+00
0.000000000000000000e+00
0.000000000000000000e+00
0.000000000000000000e+00
0.000000000000000000e+00
0.000000000000000000e+00
0.000000000000000000e+00
0.000000000000000000e+00
0.000000000000000000e+00
0.000000000000000000e+00
0.000000000000000000e+00
0.000000000000000000e+00
0.000000000000000000e+00
0.000000000000000000e+00
0.000000000000000000e+00
0.000000000000000000e+00
0.000000000000000000e+00
0.000000000000000000e+00
0.000000000000000000e+00
0.000000000000000000e+00
0.000000000000000000e+00
0.000000000000000000e+00
0.000000000000000000e+00
0.000000000000000000e+00
0.000000000000000000e+00
0.000000000000000000e+00
0.000000000000000000e+00
0.000000000000000000e+00
0.000000000000000000e+00
0.000000000000000000e+00
0.000000000000000000e+00
0.000000000000000000e+00
0.000000000000000000e+00
0.000000000000000000e+00
0.000000000000000000e+00
0.000000000000000000e+00
0.000000000000000000e+00
0.000000000000000000e+00
0.000000000000000000e+00
0.000000000000000000e+00
0.000000000000000000e+00
0.000000000000000000e+00
0.000000000000000000e+00
0.000000000000000000e+00
0.000000000000000000e+00
0.000000000000000000e+00
0.000000000000000000e+00
0.000000000000000000e+00
0.000000000000000000e+00
0.000000000000000000e+00
0.000000000000000000e+00
0.000000000000000000e+00
0.000000000000000000e+00
0.000000000000000000e+00
0.000000000000000000e+00
0.000000000000000000e+00
0.000000000000000000e+00
0.000000000000000000e+00
0.000000000000000000e+00
0.000000000000000000e+00
0.000000000000000000e+00
0.000000000000000000e+00
0.000000000000000000e+00
0.000000000000000000e+00
0.000000000000000000e+00
0.000000000000000000e+00
0.000000000000000000e+00
0.000000000000000000e+00
0.000000000000000000e+00
0.000000000000000000e+00
0.000000000000000000e+00
0.000000000000000000e+00
0.000000000000000000e+00
0.000000000000000000e+00
0.000000000000000000e+00
0.000000000000000000e+00
0.000000000000000000e+00
0.000000000000000000e+00
0.000000000000000000e+00
0.000000000000000000e+00
0.000000000000000000e+00
0.000000000000000000e+00
0.000000000000000000e+00
0.000000000000000000e+00
0.000000000000000000e+00
0.000000000000000000e+00
0.000000000000000000e+00
0.000000000000000000e+00
0.000000000000000000e+00
0.000000000000000000e+00
0.000000000000000000e+00
0.000000000000000000e+00
0.000000000000000000e+00
0.000000000000000000e+00
0.000000000000000000e+00
0.000000000000000000e+00
0.000000000000000000e+00
0.000000000000000000e+00
0.000000000000000000e+00
0.000000000000000000e+00
0.000000000000000000e+00
0.000000000000000000e+00
0.000000000000000000e+00
0.000000000000000000e+00
0.000000000000000000e+00
0.000000000000000000e+00
0.000000000000000000e+00
0.000000000000000000e+00
0.000000000000000000e+00
0.000000000000000000e+00
0.000000000000000000e+00
0.000000000000000000e+00
0.000000000000000000e+00
0.000000000000000000e+00
0.000000000000000000e+00
0.000000000000000000e+00
0.000000000000000000e+00
0.000000000000000000e+00
0.000000000000000000e+00
0.000000000000000000e+00
0.000000000000000000e+00
0.000000000000000000e+00
0.000000000000000000e+00
0.000000000000000000e+00
0.000000000000000000e+00
0.000000000000000000e+00
0.000000000000000000e+00
0.000000000000000000e+00
0.000000000000000000e+00
0.000000000000000000e+00
0.000000000000000000e+00
0.000000000000000000e+00
0.000000000000000000e+00
0.000000000000000000e+00
0.000000000000000000e+00
0.000000000000000000e+00
0.000000000000000000e+00
0.000000000000000000e+00
0.000000000000000000e+00
0.000000000000000000e+00
0.000000000000000000e+00
0.000000000000000000e+00
0.000000000000000000e+00
0.000000000000000000e+00
0.000000000000000000e+00
0.000000000000000000e+00
0.000000000000000000e+00
0.000000000000000000e+00
0.000000000000000000e+00
0.000000000000000000e+00
0.000000000000000000e+00
0.000000000000000000e+00
0.000000000000000000e+00
0.000000000000000000e+00
0.000000000000000000e+00
0.000000000000000000e+00
0.000000000000000000e+00
0.000000000000000000e+00
0.000000000000000000e+00
0.000000000000000000e+00
0.000000000000000000e+00
0.000000000000000000e+00
0.000000000000000000e+00
0.000000000000000000e+00
0.000000000000000000e+00
0.000000000000000000e+00
0.000000000000000000e+00
0.000000000000000000e+00
0.000000000000000000e+00
0.000000000000000000e+00
0.000000000000000000e+00
0.000000000000000000e+00
0.000000000000000000e+00
0.000000000000000000e+00
0.000000000000000000e+00
0.000000000000000000e+00
0.000000000000000000e+00
0.000000000000000000e+00
0.000000000000000000e+00
0.000000000000000000e+00
0.000000000000000000e+00
0.000000000000000000e+00
0.000000000000000000e+00
0.000000000000000000e+00
0.000000000000000000e+00
0.000000000000000000e+00
0.000000000000000000e+00
0.000000000000000000e+00
0.000000000000000000e+00
0.000000000000000000e+00
0.000000000000000000e+00
0.000000000000000000e+00
0.000000000000000000e+00
0.000000000000000000e+00
0.000000000000000000e+00
0.000000000000000000e+00
0.000000000000000000e+00
0.000000000000000000e+00
0.000000000000000000e+00
0.000000000000000000e+00
0.000000000000000000e+00
0.000000000000000000e+00
0.000000000000000000e+00
0.000000000000000000e+00
0.000000000000000000e+00
0.000000000000000000e+00
0.000000000000000000e+00
0.000000000000000000e+00
0.000000000000000000e+00
0.000000000000000000e+00
0.000000000000000000e+00
0.000000000000000000e+00
0.000000000000000000e+00
0.000000000000000000e+00
0.000000000000000000e+00
0.000000000000000000e+00
0.000000000000000000e+00
0.000000000000000000e+00
0.000000000000000000e+00
0.000000000000000000e+00
0.000000000000000000e+00
0.000000000000000000e+00
0.000000000000000000e+00
0.000000000000000000e+00
0.000000000000000000e+00
0.000000000000000000e+00
0.000000000000000000e+00
0.000000000000000000e+00
0.000000000000000000e+00
0.000000000000000000e+00
0.000000000000000000e+00
0.000000000000000000e+00
0.000000000000000000e+00
0.000000000000000000e+00
0.000000000000000000e+00
0.000000000000000000e+00
0.000000000000000000e+00
0.000000000000000000e+00
0.000000000000000000e+00
0.000000000000000000e+00
0.000000000000000000e+00
0.000000000000000000e+00
0.000000000000000000e+00
0.000000000000000000e+00
0.000000000000000000e+00
0.000000000000000000e+00
0.000000000000000000e+00
0.000000000000000000e+00
0.000000000000000000e+00
0.000000000000000000e+00
0.000000000000000000e+00
0.000000000000000000e+00
0.000000000000000000e+00
0.000000000000000000e+00
0.000000000000000000e+00
0.000000000000000000e+00
0.000000000000000000e+00
0.000000000000000000e+00
0.000000000000000000e+00
0.000000000000000000e+00
0.000000000000000000e+00
0.000000000000000000e+00
0.000000000000000000e+00
0.000000000000000000e+00
0.000000000000000000e+00
0.000000000000000000e+00
0.000000000000000000e+00
0.000000000000000000e+00
0.000000000000000000e+00
0.000000000000000000e+00
0.000000000000000000e+00
0.000000000000000000e+00
0.000000000000000000e+00
0.000000000000000000e+00
0.000000000000000000e+00
0.000000000000000000e+00
0.000000000000000000e+00
0.000000000000000000e+00
0.000000000000000000e+00
0.000000000000000000e+00
0.000000000000000000e+00
0.000000000000000000e+00
0.000000000000000000e+00
0.000000000000000000e+00
0.000000000000000000e+00
0.000000000000000000e+00
0.000000000000000000e+00
0.000000000000000000e+00
0.000000000000000000e+00
0.000000000000000000e+00
0.000000000000000000e+00
0.000000000000000000e+00
0.000000000000000000e+00
0.000000000000000000e+00
0.000000000000000000e+00
0.000000000000000000e+00
0.000000000000000000e+00
0.000000000000000000e+00
0.000000000000000000e+00
0.000000000000000000e+00
0.000000000000000000e+00
0.000000000000000000e+00
0.000000000000000000e+00
0.000000000000000000e+00
0.000000000000000000e+00
0.000000000000000000e+00
0.000000000000000000e+00
0.000000000000000000e+00
0.000000000000000000e+00
0.000000000000000000e+00
0.000000000000000000e+00
0.000000000000000000e+00
0.000000000000000000e+00
0.000000000000000000e+00
0.000000000000000000e+00
0.000000000000000000e+00
0.000000000000000000e+00
0.000000000000000000e+00
0.000000000000000000e+00
0.000000000000000000e+00
0.000000000000000000e+00
0.000000000000000000e+00
0.000000000000000000e+00
0.000000000000000000e+00
0.000000000000000000e+00
0.000000000000000000e+00
0.000000000000000000e+00
0.000000000000000000e+00
0.000000000000000000e+00
0.000000000000000000e+00
0.000000000000000000e+00
0.000000000000000000e+00
0.000000000000000000e+00
0.000000000000000000e+00
0.000000000000000000e+00
0.000000000000000000e+00
0.000000000000000000e+00
0.000000000000000000e+00
0.000000000000000000e+00
0.000000000000000000e+00
0.000000000000000000e+00
0.000000000000000000e+00
0.000000000000000000e+00
0.000000000000000000e+00
0.000000000000000000e+00
0.000000000000000000e+00
0.000000000000000000e+00
0.000000000000000000e+00
0.000000000000000000e+00
0.000000000000000000e+00
0.000000000000000000e+00
0.000000000000000000e+00
0.000000000000000000e+00
0.000000000000000000e+00
0.000000000000000000e+00
0.000000000000000000e+00
0.000000000000000000e+00
0.000000000000000000e+00
0.000000000000000000e+00
0.000000000000000000e+00
0.000000000000000000e+00
0.000000000000000000e+00
0.000000000000000000e+00
0.000000000000000000e+00
0.000000000000000000e+00
0.000000000000000000e+00
0.000000000000000000e+00
0.000000000000000000e+00
0.000000000000000000e+00
0.000000000000000000e+00
0.000000000000000000e+00
0.000000000000000000e+00
0.000000000000000000e+00
0.000000000000000000e+00
0.000000000000000000e+00
0.000000000000000000e+00
0.000000000000000000e+00
0.000000000000000000e+00
0.000000000000000000e+00
0.000000000000000000e+00
0.000000000000000000e+00
0.000000000000000000e+00
0.000000000000000000e+00
0.000000000000000000e+00
0.000000000000000000e+00
0.000000000000000000e+00
0.000000000000000000e+00
0.000000000000000000e+00
0.000000000000000000e+00
0.000000000000000000e+00
0.000000000000000000e+00
0.000000000000000000e+00
0.000000000000000000e+00
0.000000000000000000e+00
0.000000000000000000e+00
0.000000000000000000e+00
0.000000000000000000e+00
0.000000000000000000e+00
0.000000000000000000e+00
0.000000000000000000e+00
0.000000000000000000e+00
0.000000000000000000e+00
0.000000000000000000e+00
0.000000000000000000e+00
0.000000000000000000e+00
0.000000000000000000e+00
0.000000000000000000e+00
0.000000000000000000e+00
0.000000000000000000e+00
0.000000000000000000e+00
0.000000000000000000e+00
0.000000000000000000e+00
0.000000000000000000e+00
0.000000000000000000e+00
0.000000000000000000e+00
0.000000000000000000e+00
0.000000000000000000e+00
0.000000000000000000e+00
0.000000000000000000e+00
0.000000000000000000e+00
0.000000000000000000e+00
0.000000000000000000e+00
0.000000000000000000e+00
0.000000000000000000e+00
0.000000000000000000e+00
0.000000000000000000e+00
0.000000000000000000e+00
0.000000000000000000e+00
0.000000000000000000e+00
0.000000000000000000e+00
0.000000000000000000e+00
0.000000000000000000e+00
0.000000000000000000e+00
0.000000000000000000e+00
0.000000000000000000e+00
0.000000000000000000e+00
0.000000000000000000e+00
0.000000000000000000e+00
0.000000000000000000e+00
0.000000000000000000e+00
0.000000000000000000e+00
0.000000000000000000e+00
0.000000000000000000e+00
0.000000000000000000e+00
0.000000000000000000e+00
0.000000000000000000e+00
0.000000000000000000e+00
0.000000000000000000e+00
0.000000000000000000e+00
0.000000000000000000e+00
0.000000000000000000e+00
0.000000000000000000e+00
0.000000000000000000e+00
0.000000000000000000e+00
0.000000000000000000e+00
0.000000000000000000e+00
0.000000000000000000e+00
0.000000000000000000e+00
0.000000000000000000e+00
0.000000000000000000e+00
0.000000000000000000e+00
0.000000000000000000e+00
0.000000000000000000e+00
0.000000000000000000e+00
0.000000000000000000e+00
0.000000000000000000e+00
0.000000000000000000e+00
0.000000000000000000e+00
0.000000000000000000e+00
0.000000000000000000e+00
0.000000000000000000e+00
0.000000000000000000e+00
0.000000000000000000e+00
0.000000000000000000e+00
0.000000000000000000e+00
0.000000000000000000e+00
0.000000000000000000e+00
0.000000000000000000e+00
0.000000000000000000e+00
0.000000000000000000e+00
0.000000000000000000e+00
0.000000000000000000e+00
0.000000000000000000e+00
0.000000000000000000e+00
0.000000000000000000e+00
0.000000000000000000e+00
0.000000000000000000e+00
0.000000000000000000e+00
0.000000000000000000e+00
0.000000000000000000e+00
0.000000000000000000e+00
0.000000000000000000e+00
0.000000000000000000e+00
0.000000000000000000e+00
0.000000000000000000e+00
0.000000000000000000e+00
0.000000000000000000e+00
0.000000000000000000e+00
0.000000000000000000e+00
0.000000000000000000e+00
0.000000000000000000e+00
0.000000000000000000e+00
0.000000000000000000e+00
0.000000000000000000e+00
0.000000000000000000e+00
0.000000000000000000e+00
0.000000000000000000e+00
0.000000000000000000e+00
0.000000000000000000e+00
0.000000000000000000e+00
0.000000000000000000e+00
0.000000000000000000e+00
0.000000000000000000e+00
0.000000000000000000e+00
0.000000000000000000e+00
0.000000000000000000e+00
0.000000000000000000e+00
0.000000000000000000e+00
0.000000000000000000e+00
0.000000000000000000e+00
0.000000000000000000e+00
0.000000000000000000e+00
0.000000000000000000e+00
0.000000000000000000e+00
0.000000000000000000e+00
0.000000000000000000e+00
0.000000000000000000e+00
0.000000000000000000e+00
0.000000000000000000e+00
0.000000000000000000e+00
0.000000000000000000e+00
0.000000000000000000e+00
0.000000000000000000e+00
0.000000000000000000e+00
0.000000000000000000e+00
0.000000000000000000e+00
0.000000000000000000e+00
0.000000000000000000e+00
0.000000000000000000e+00
0.000000000000000000e+00
0.000000000000000000e+00
0.000000000000000000e+00
0.000000000000000000e+00
0.000000000000000000e+00
0.000000000000000000e+00
0.000000000000000000e+00
0.000000000000000000e+00
0.000000000000000000e+00
0.000000000000000000e+00
0.000000000000000000e+00
0.000000000000000000e+00
0.000000000000000000e+00
0.000000000000000000e+00
0.000000000000000000e+00
0.000000000000000000e+00
0.000000000000000000e+00
0.000000000000000000e+00
0.000000000000000000e+00
0.000000000000000000e+00
0.000000000000000000e+00
0.000000000000000000e+00
0.000000000000000000e+00
0.000000000000000000e+00
0.000000000000000000e+00
0.000000000000000000e+00
0.000000000000000000e+00
0.000000000000000000e+00
0.000000000000000000e+00
0.000000000000000000e+00
0.000000000000000000e+00
0.000000000000000000e+00
0.000000000000000000e+00
0.000000000000000000e+00
0.000000000000000000e+00
0.000000000000000000e+00
0.000000000000000000e+00
0.000000000000000000e+00
0.000000000000000000e+00
0.000000000000000000e+00
0.000000000000000000e+00
0.000000000000000000e+00
0.000000000000000000e+00
0.000000000000000000e+00
0.000000000000000000e+00
0.000000000000000000e+00
0.000000000000000000e+00
0.000000000000000000e+00
0.000000000000000000e+00
0.000000000000000000e+00
0.000000000000000000e+00
0.000000000000000000e+00
0.000000000000000000e+00
0.000000000000000000e+00
0.000000000000000000e+00
0.000000000000000000e+00
0.000000000000000000e+00
0.000000000000000000e+00
0.000000000000000000e+00
0.000000000000000000e+00
0.000000000000000000e+00
0.000000000000000000e+00
0.000000000000000000e+00
0.000000000000000000e+00
0.000000000000000000e+00
0.000000000000000000e+00
0.000000000000000000e+00
0.000000000000000000e+00
0.000000000000000000e+00
0.000000000000000000e+00
0.000000000000000000e+00
0.000000000000000000e+00
0.000000000000000000e+00
0.000000000000000000e+00
0.000000000000000000e+00
0.000000000000000000e+00
0.000000000000000000e+00
0.000000000000000000e+00
0.000000000000000000e+00
0.000000000000000000e+00
0.000000000000000000e+00
0.000000000000000000e+00
0.000000000000000000e+00
0.000000000000000000e+00
0.000000000000000000e+00
0.000000000000000000e+00
0.000000000000000000e+00
0.000000000000000000e+00
0.000000000000000000e+00
0.000000000000000000e+00
0.000000000000000000e+00
0.000000000000000000e+00
0.000000000000000000e+00
0.000000000000000000e+00
0.000000000000000000e+00
0.000000000000000000e+00
0.000000000000000000e+00
0.000000000000000000e+00
0.000000000000000000e+00
0.000000000000000000e+00
0.000000000000000000e+00
0.000000000000000000e+00
0.000000000000000000e+00
0.000000000000000000e+00
0.000000000000000000e+00
0.000000000000000000e+00
0.000000000000000000e+00
0.000000000000000000e+00
0.000000000000000000e+00
0.000000000000000000e+00
0.000000000000000000e+00
0.000000000000000000e+00
0.000000000000000000e+00
0.000000000000000000e+00
0.000000000000000000e+00
0.000000000000000000e+00
0.000000000000000000e+00
0.000000000000000000e+00
0.000000000000000000e+00
0.000000000000000000e+00
0.000000000000000000e+00
0.000000000000000000e+00
0.000000000000000000e+00
0.000000000000000000e+00
0.000000000000000000e+00
0.000000000000000000e+00
0.000000000000000000e+00
0.000000000000000000e+00
0.000000000000000000e+00
0.000000000000000000e+00
0.000000000000000000e+00
0.000000000000000000e+00
0.000000000000000000e+00
0.000000000000000000e+00
0.000000000000000000e+00
0.000000000000000000e+00
0.000000000000000000e+00
0.000000000000000000e+00
0.000000000000000000e+00
0.000000000000000000e+00
0.000000000000000000e+00
0.000000000000000000e+00
0.000000000000000000e+00
0.000000000000000000e+00
0.000000000000000000e+00
0.000000000000000000e+00
0.000000000000000000e+00
0.000000000000000000e+00
0.000000000000000000e+00
0.000000000000000000e+00
0.000000000000000000e+00
0.000000000000000000e+00
0.000000000000000000e+00
0.000000000000000000e+00
0.000000000000000000e+00
0.000000000000000000e+00
0.000000000000000000e+00
0.000000000000000000e+00
0.000000000000000000e+00
0.000000000000000000e+00
0.000000000000000000e+00
0.000000000000000000e+00
0.000000000000000000e+00
0.000000000000000000e+00
0.000000000000000000e+00
0.000000000000000000e+00
0.000000000000000000e+00
0.000000000000000000e+00
0.000000000000000000e+00
0.000000000000000000e+00
0.000000000000000000e+00
0.000000000000000000e+00
0.000000000000000000e+00
0.000000000000000000e+00
0.000000000000000000e+00
0.000000000000000000e+00
0.000000000000000000e+00
0.000000000000000000e+00
0.000000000000000000e+00
0.000000000000000000e+00
0.000000000000000000e+00
0.000000000000000000e+00
0.000000000000000000e+00
0.000000000000000000e+00
0.000000000000000000e+00
0.000000000000000000e+00
0.000000000000000000e+00
0.000000000000000000e+00
0.000000000000000000e+00
0.000000000000000000e+00
0.000000000000000000e+00
0.000000000000000000e+00
0.000000000000000000e+00
0.000000000000000000e+00
0.000000000000000000e+00
0.000000000000000000e+00
0.000000000000000000e+00
0.000000000000000000e+00
0.000000000000000000e+00
0.000000000000000000e+00
0.000000000000000000e+00
0.000000000000000000e+00
0.000000000000000000e+00
0.000000000000000000e+00
0.000000000000000000e+00
0.000000000000000000e+00
0.000000000000000000e+00
0.000000000000000000e+00
0.000000000000000000e+00
0.000000000000000000e+00
0.000000000000000000e+00
0.000000000000000000e+00
0.000000000000000000e+00
0.000000000000000000e+00
0.000000000000000000e+00
0.000000000000000000e+00
0.000000000000000000e+00
0.000000000000000000e+00
0.000000000000000000e+00
0.000000000000000000e+00
0.000000000000000000e+00
0.000000000000000000e+00
0.000000000000000000e+00
0.000000000000000000e+00
0.000000000000000000e+00
0.000000000000000000e+00
0.000000000000000000e+00
0.000000000000000000e+00
0.000000000000000000e+00
0.000000000000000000e+00
0.000000000000000000e+00
0.000000000000000000e+00
0.000000000000000000e+00
0.000000000000000000e+00
0.000000000000000000e+00
0.000000000000000000e+00
0.000000000000000000e+00
0.000000000000000000e+00
0.000000000000000000e+00
0.000000000000000000e+00
0.000000000000000000e+00
0.000000000000000000e+00
0.000000000000000000e+00
0.000000000000000000e+00
0.000000000000000000e+00
0.000000000000000000e+00
0.000000000000000000e+00
0.000000000000000000e+00
0.000000000000000000e+00
0.000000000000000000e+00
0.000000000000000000e+00
0.000000000000000000e+00
0.000000000000000000e+00
0.000000000000000000e+00
0.000000000000000000e+00
0.000000000000000000e+00
0.000000000000000000e+00
0.000000000000000000e+00
0.000000000000000000e+00
0.000000000000000000e+00
0.000000000000000000e+00
0.000000000000000000e+00
0.000000000000000000e+00
0.000000000000000000e+00
0.000000000000000000e+00
0.000000000000000000e+00
0.000000000000000000e+00
0.000000000000000000e+00
0.000000000000000000e+00
0.000000000000000000e+00
0.000000000000000000e+00
0.000000000000000000e+00
0.000000000000000000e+00
0.000000000000000000e+00
0.000000000000000000e+00
0.000000000000000000e+00
0.000000000000000000e+00
0.000000000000000000e+00
0.000000000000000000e+00
0.000000000000000000e+00
0.000000000000000000e+00
0.000000000000000000e+00
0.000000000000000000e+00
0.000000000000000000e+00
0.000000000000000000e+00
0.000000000000000000e+00
0.000000000000000000e+00
0.000000000000000000e+00
0.000000000000000000e+00
0.000000000000000000e+00
0.000000000000000000e+00
0.000000000000000000e+00
0.000000000000000000e+00
0.000000000000000000e+00
0.000000000000000000e+00
0.000000000000000000e+00
0.000000000000000000e+00
0.000000000000000000e+00
0.000000000000000000e+00
0.000000000000000000e+00
0.000000000000000000e+00
0.000000000000000000e+00
0.000000000000000000e+00
0.000000000000000000e+00
0.000000000000000000e+00
0.000000000000000000e+00
0.000000000000000000e+00
0.000000000000000000e+00
0.000000000000000000e+00
0.000000000000000000e+00
0.000000000000000000e+00
0.000000000000000000e+00
0.000000000000000000e+00
0.000000000000000000e+00
0.000000000000000000e+00
0.000000000000000000e+00
0.000000000000000000e+00
0.000000000000000000e+00
0.000000000000000000e+00
0.000000000000000000e+00
0.000000000000000000e+00
0.000000000000000000e+00
0.000000000000000000e+00
0.000000000000000000e+00
0.000000000000000000e+00
0.000000000000000000e+00
0.000000000000000000e+00
0.000000000000000000e+00
0.000000000000000000e+00
0.000000000000000000e+00
0.000000000000000000e+00
0.000000000000000000e+00
0.000000000000000000e+00
0.000000000000000000e+00
0.000000000000000000e+00
0.000000000000000000e+00
0.000000000000000000e+00
0.000000000000000000e+00
0.000000000000000000e+00
0.000000000000000000e+00
0.000000000000000000e+00
0.000000000000000000e+00
0.000000000000000000e+00
0.000000000000000000e+00
0.000000000000000000e+00
0.000000000000000000e+00
0.000000000000000000e+00
0.000000000000000000e+00
0.000000000000000000e+00
0.000000000000000000e+00
0.000000000000000000e+00
0.000000000000000000e+00
0.000000000000000000e+00
0.000000000000000000e+00
0.000000000000000000e+00
0.000000000000000000e+00
0.000000000000000000e+00
0.000000000000000000e+00
0.000000000000000000e+00
0.000000000000000000e+00
0.000000000000000000e+00
0.000000000000000000e+00
0.000000000000000000e+00
0.000000000000000000e+00
0.000000000000000000e+00
0.000000000000000000e+00
0.000000000000000000e+00
0.000000000000000000e+00
0.000000000000000000e+00
0.000000000000000000e+00
0.000000000000000000e+00
0.000000000000000000e+00
0.000000000000000000e+00
0.000000000000000000e+00
0.000000000000000000e+00
0.000000000000000000e+00
0.000000000000000000e+00
0.000000000000000000e+00
0.000000000000000000e+00
0.000000000000000000e+00
0.000000000000000000e+00
0.000000000000000000e+00
0.000000000000000000e+00
0.000000000000000000e+00
0.000000000000000000e+00
0.000000000000000000e+00
0.000000000000000000e+00
0.000000000000000000e+00
0.000000000000000000e+00
0.000000000000000000e+00
0.000000000000000000e+00
0.000000000000000000e+00
0.000000000000000000e+00
0.000000000000000000e+00
0.000000000000000000e+00
0.000000000000000000e+00
0.000000000000000000e+00
0.000000000000000000e+00
0.000000000000000000e+00
0.000000000000000000e+00
0.000000000000000000e+00
0.000000000000000000e+00
0.000000000000000000e+00
0.000000000000000000e+00
0.000000000000000000e+00
0.000000000000000000e+00
0.000000000000000000e+00
0.000000000000000000e+00
0.000000000000000000e+00
0.000000000000000000e+00
0.000000000000000000e+00
0.000000000000000000e+00
0.000000000000000000e+00
0.000000000000000000e+00
0.000000000000000000e+00
0.000000000000000000e+00
0.000000000000000000e+00
0.000000000000000000e+00
0.000000000000000000e+00
0.000000000000000000e+00
0.000000000000000000e+00
0.000000000000000000e+00
0.000000000000000000e+00
0.000000000000000000e+00
0.000000000000000000e+00
0.000000000000000000e+00
0.000000000000000000e+00
0.000000000000000000e+00
0.000000000000000000e+00
0.000000000000000000e+00
0.000000000000000000e+00
0.000000000000000000e+00
0.000000000000000000e+00
0.000000000000000000e+00
0.000000000000000000e+00
0.000000000000000000e+00
0.000000000000000000e+00
0.000000000000000000e+00
0.000000000000000000e+00
0.000000000000000000e+00
0.000000000000000000e+00
0.000000000000000000e+00
0.000000000000000000e+00
0.000000000000000000e+00
0.000000000000000000e+00
0.000000000000000000e+00
0.000000000000000000e+00
0.000000000000000000e+00
0.000000000000000000e+00
0.000000000000000000e+00
0.000000000000000000e+00
0.000000000000000000e+00
0.000000000000000000e+00
0.000000000000000000e+00
0.000000000000000000e+00
0.000000000000000000e+00
0.000000000000000000e+00
0.000000000000000000e+00
0.000000000000000000e+00
0.000000000000000000e+00
0.000000000000000000e+00
0.000000000000000000e+00
0.000000000000000000e+00
0.000000000000000000e+00
0.000000000000000000e+00
0.000000000000000000e+00
0.000000000000000000e+00
0.000000000000000000e+00
0.000000000000000000e+00
0.000000000000000000e+00
0.000000000000000000e+00
0.000000000000000000e+00
0.000000000000000000e+00
0.000000000000000000e+00
0.000000000000000000e+00
0.000000000000000000e+00
0.000000000000000000e+00
0.000000000000000000e+00
0.000000000000000000e+00
0.000000000000000000e+00
0.000000000000000000e+00
0.000000000000000000e+00
0.000000000000000000e+00
0.000000000000000000e+00
0.000000000000000000e+00
0.000000000000000000e+00
0.000000000000000000e+00
0.000000000000000000e+00
0.000000000000000000e+00
0.000000000000000000e+00
0.000000000000000000e+00
0.000000000000000000e+00
0.000000000000000000e+00
0.000000000000000000e+00
0.000000000000000000e+00
0.000000000000000000e+00
0.000000000000000000e+00
0.000000000000000000e+00
0.000000000000000000e+00
0.000000000000000000e+00
0.000000000000000000e+00
0.000000000000000000e+00
0.000000000000000000e+00
0.000000000000000000e+00
0.000000000000000000e+00
0.000000000000000000e+00
0.000000000000000000e+00
0.000000000000000000e+00
0.000000000000000000e+00
0.000000000000000000e+00
0.000000000000000000e+00
0.000000000000000000e+00
0.000000000000000000e+00
0.000000000000000000e+00
0.000000000000000000e+00
0.000000000000000000e+00
0.000000000000000000e+00
0.000000000000000000e+00
0.000000000000000000e+00
0.000000000000000000e+00
0.000000000000000000e+00
0.000000000000000000e+00
0.000000000000000000e+00
0.000000000000000000e+00
0.000000000000000000e+00
0.000000000000000000e+00
0.000000000000000000e+00
0.000000000000000000e+00
0.000000000000000000e+00
0.000000000000000000e+00
0.000000000000000000e+00
0.000000000000000000e+00
0.000000000000000000e+00
0.000000000000000000e+00
0.000000000000000000e+00
0.000000000000000000e+00
0.000000000000000000e+00
0.000000000000000000e+00
0.000000000000000000e+00
0.000000000000000000e+00
0.000000000000000000e+00
0.000000000000000000e+00
0.000000000000000000e+00
0.000000000000000000e+00
0.000000000000000000e+00
0.000000000000000000e+00
0.000000000000000000e+00
0.000000000000000000e+00
0.000000000000000000e+00
0.000000000000000000e+00
0.000000000000000000e+00
0.000000000000000000e+00
0.000000000000000000e+00
0.000000000000000000e+00
0.000000000000000000e+00
0.000000000000000000e+00
0.000000000000000000e+00
0.000000000000000000e+00
0.000000000000000000e+00
0.000000000000000000e+00
0.000000000000000000e+00
0.000000000000000000e+00
0.000000000000000000e+00
0.000000000000000000e+00
0.000000000000000000e+00
0.000000000000000000e+00
0.000000000000000000e+00
0.000000000000000000e+00
0.000000000000000000e+00
0.000000000000000000e+00
0.000000000000000000e+00
0.000000000000000000e+00
0.000000000000000000e+00
0.000000000000000000e+00
0.000000000000000000e+00
0.000000000000000000e+00
0.000000000000000000e+00
0.000000000000000000e+00
0.000000000000000000e+00
0.000000000000000000e+00
0.000000000000000000e+00
0.000000000000000000e+00
0.000000000000000000e+00
0.000000000000000000e+00
0.000000000000000000e+00
0.000000000000000000e+00
0.000000000000000000e+00
0.000000000000000000e+00
0.000000000000000000e+00
0.000000000000000000e+00
0.000000000000000000e+00
0.000000000000000000e+00
0.000000000000000000e+00
0.000000000000000000e+00
0.000000000000000000e+00
0.000000000000000000e+00
0.000000000000000000e+00
0.000000000000000000e+00
0.000000000000000000e+00
0.000000000000000000e+00
0.000000000000000000e+00
0.000000000000000000e+00
0.000000000000000000e+00
0.000000000000000000e+00
0.000000000000000000e+00
0.000000000000000000e+00
0.000000000000000000e+00
0.000000000000000000e+00
0.000000000000000000e+00
0.000000000000000000e+00
0.000000000000000000e+00
0.000000000000000000e+00
0.000000000000000000e+00
0.000000000000000000e+00
0.000000000000000000e+00
0.000000000000000000e+00
0.000000000000000000e+00
0.000000000000000000e+00
0.000000000000000000e+00
0.000000000000000000e+00
0.000000000000000000e+00
0.000000000000000000e+00
0.000000000000000000e+00
0.000000000000000000e+00
0.000000000000000000e+00
0.000000000000000000e+00
0.000000000000000000e+00
0.000000000000000000e+00
0.000000000000000000e+00
0.000000000000000000e+00
0.000000000000000000e+00
0.000000000000000000e+00
0.000000000000000000e+00
0.000000000000000000e+00
0.000000000000000000e+00
0.000000000000000000e+00
0.000000000000000000e+00
0.000000000000000000e+00
0.000000000000000000e+00
0.000000000000000000e+00
0.000000000000000000e+00
0.000000000000000000e+00
0.000000000000000000e+00
0.000000000000000000e+00
0.000000000000000000e+00
0.000000000000000000e+00
0.000000000000000000e+00
0.000000000000000000e+00
0.000000000000000000e+00
0.000000000000000000e+00
0.000000000000000000e+00
0.000000000000000000e+00
0.000000000000000000e+00
0.000000000000000000e+00
0.000000000000000000e+00
0.000000000000000000e+00
0.000000000000000000e+00
0.000000000000000000e+00
0.000000000000000000e+00
0.000000000000000000e+00
0.000000000000000000e+00
0.000000000000000000e+00
0.000000000000000000e+00
0.000000000000000000e+00
0.000000000000000000e+00
0.000000000000000000e+00
0.000000000000000000e+00
0.000000000000000000e+00
0.000000000000000000e+00
0.000000000000000000e+00
0.000000000000000000e+00
0.000000000000000000e+00
0.000000000000000000e+00
0.000000000000000000e+00
0.000000000000000000e+00
0.000000000000000000e+00
0.000000000000000000e+00
0.000000000000000000e+00
0.000000000000000000e+00
0.000000000000000000e+00
0.000000000000000000e+00
0.000000000000000000e+00
0.000000000000000000e+00
0.000000000000000000e+00
0.000000000000000000e+00
0.000000000000000000e+00
0.000000000000000000e+00
0.000000000000000000e+00
0.000000000000000000e+00
0.000000000000000000e+00
0.000000000000000000e+00
0.000000000000000000e+00
0.000000000000000000e+00
0.000000000000000000e+00
0.000000000000000000e+00
0.000000000000000000e+00
0.000000000000000000e+00
0.000000000000000000e+00
0.000000000000000000e+00
0.000000000000000000e+00
0.000000000000000000e+00
0.000000000000000000e+00
0.000000000000000000e+00
0.000000000000000000e+00
0.000000000000000000e+00
0.000000000000000000e+00
0.000000000000000000e+00
0.000000000000000000e+00
0.000000000000000000e+00
0.000000000000000000e+00
0.000000000000000000e+00
0.000000000000000000e+00
0.000000000000000000e+00
0.000000000000000000e+00
0.000000000000000000e+00
0.000000000000000000e+00
0.000000000000000000e+00
0.000000000000000000e+00
0.000000000000000000e+00
0.000000000000000000e+00
0.000000000000000000e+00
0.000000000000000000e+00
0.000000000000000000e+00
0.000000000000000000e+00
0.000000000000000000e+00
0.000000000000000000e+00
0.000000000000000000e+00
0.000000000000000000e+00
0.000000000000000000e+00
0.000000000000000000e+00
0.000000000000000000e+00
0.000000000000000000e+00
0.000000000000000000e+00
0.000000000000000000e+00
0.000000000000000000e+00
0.000000000000000000e+00
0.000000000000000000e+00
0.000000000000000000e+00
0.000000000000000000e+00
0.000000000000000000e+00
0.000000000000000000e+00
0.000000000000000000e+00
0.000000000000000000e+00
0.000000000000000000e+00
0.000000000000000000e+00
0.000000000000000000e+00
0.000000000000000000e+00
0.000000000000000000e+00
0.000000000000000000e+00
0.000000000000000000e+00
0.000000000000000000e+00
0.000000000000000000e+00
0.000000000000000000e+00
0.000000000000000000e+00
0.000000000000000000e+00
0.000000000000000000e+00
0.000000000000000000e+00
0.000000000000000000e+00
0.000000000000000000e+00
0.000000000000000000e+00
0.000000000000000000e+00
0.000000000000000000e+00
0.000000000000000000e+00
0.000000000000000000e+00
0.000000000000000000e+00
0.000000000000000000e+00
0.000000000000000000e+00
0.000000000000000000e+00
0.000000000000000000e+00
0.000000000000000000e+00
0.000000000000000000e+00
0.000000000000000000e+00
0.000000000000000000e+00
0.000000000000000000e+00
0.000000000000000000e+00
0.000000000000000000e+00
0.000000000000000000e+00
0.000000000000000000e+00
0.000000000000000000e+00
0.000000000000000000e+00
0.000000000000000000e+00
0.000000000000000000e+00
0.000000000000000000e+00
0.000000000000000000e+00
0.000000000000000000e+00
0.000000000000000000e+00
0.000000000000000000e+00
0.000000000000000000e+00
0.000000000000000000e+00
0.000000000000000000e+00
0.000000000000000000e+00
0.000000000000000000e+00
0.000000000000000000e+00
0.000000000000000000e+00
0.000000000000000000e+00
0.000000000000000000e+00
0.000000000000000000e+00
0.000000000000000000e+00
0.000000000000000000e+00
0.000000000000000000e+00
0.000000000000000000e+00
0.000000000000000000e+00
0.000000000000000000e+00
0.000000000000000000e+00
0.000000000000000000e+00
0.000000000000000000e+00
0.000000000000000000e+00
0.000000000000000000e+00
0.000000000000000000e+00
0.000000000000000000e+00
0.000000000000000000e+00
0.000000000000000000e+00
0.000000000000000000e+00
0.000000000000000000e+00
0.000000000000000000e+00
0.000000000000000000e+00
0.000000000000000000e+00
0.000000000000000000e+00
0.000000000000000000e+00
0.000000000000000000e+00
0.000000000000000000e+00
0.000000000000000000e+00
0.000000000000000000e+00
0.000000000000000000e+00
0.000000000000000000e+00
0.000000000000000000e+00
0.000000000000000000e+00
0.000000000000000000e+00
0.000000000000000000e+00
0.000000000000000000e+00
0.000000000000000000e+00
0.000000000000000000e+00
0.000000000000000000e+00
0.000000000000000000e+00
0.000000000000000000e+00
0.000000000000000000e+00
0.000000000000000000e+00
0.000000000000000000e+00
0.000000000000000000e+00
0.000000000000000000e+00
0.000000000000000000e+00
0.000000000000000000e+00
0.000000000000000000e+00
0.000000000000000000e+00
0.000000000000000000e+00
0.000000000000000000e+00
0.000000000000000000e+00
0.000000000000000000e+00
0.000000000000000000e+00
0.000000000000000000e+00
0.000000000000000000e+00
0.000000000000000000e+00
0.000000000000000000e+00
0.000000000000000000e+00
0.000000000000000000e+00
0.000000000000000000e+00
0.000000000000000000e+00
0.000000000000000000e+00
0.000000000000000000e+00
0.000000000000000000e+00
0.000000000000000000e+00
0.000000000000000000e+00
0.000000000000000000e+00
0.000000000000000000e+00
0.000000000000000000e+00
0.000000000000000000e+00
0.000000000000000000e+00
0.000000000000000000e+00
0.000000000000000000e+00
0.000000000000000000e+00
0.000000000000000000e+00
0.000000000000000000e+00
0.000000000000000000e+00
0.000000000000000000e+00
0.000000000000000000e+00
0.000000000000000000e+00
0.000000000000000000e+00
0.000000000000000000e+00
0.000000000000000000e+00
0.000000000000000000e+00
0.000000000000000000e+00
0.000000000000000000e+00
0.000000000000000000e+00
0.000000000000000000e+00
0.000000000000000000e+00
0.000000000000000000e+00
0.000000000000000000e+00
0.000000000000000000e+00
0.000000000000000000e+00
0.000000000000000000e+00
0.000000000000000000e+00
0.000000000000000000e+00
0.000000000000000000e+00
0.000000000000000000e+00
0.000000000000000000e+00
0.000000000000000000e+00
0.000000000000000000e+00
0.000000000000000000e+00
0.000000000000000000e+00
0.000000000000000000e+00
0.000000000000000000e+00
0.000000000000000000e+00
0.000000000000000000e+00
0.000000000000000000e+00
0.000000000000000000e+00
0.000000000000000000e+00
0.000000000000000000e+00
0.000000000000000000e+00
0.000000000000000000e+00
0.000000000000000000e+00
0.000000000000000000e+00
0.000000000000000000e+00
0.000000000000000000e+00
0.000000000000000000e+00
0.000000000000000000e+00
0.000000000000000000e+00
0.000000000000000000e+00
0.000000000000000000e+00
0.000000000000000000e+00
0.000000000000000000e+00
0.000000000000000000e+00
0.000000000000000000e+00
0.000000000000000000e+00
0.000000000000000000e+00
0.000000000000000000e+00
0.000000000000000000e+00
0.000000000000000000e+00
0.000000000000000000e+00
0.000000000000000000e+00
0.000000000000000000e+00
0.000000000000000000e+00
0.000000000000000000e+00
0.000000000000000000e+00
0.000000000000000000e+00
0.000000000000000000e+00
0.000000000000000000e+00
0.000000000000000000e+00
0.000000000000000000e+00
0.000000000000000000e+00
0.000000000000000000e+00
0.000000000000000000e+00
0.000000000000000000e+00
0.000000000000000000e+00
0.000000000000000000e+00
0.000000000000000000e+00
0.000000000000000000e+00
0.000000000000000000e+00
0.000000000000000000e+00
0.000000000000000000e+00
0.000000000000000000e+00
0.000000000000000000e+00
0.000000000000000000e+00
0.000000000000000000e+00
0.000000000000000000e+00
0.000000000000000000e+00
0.000000000000000000e+00
0.000000000000000000e+00
0.000000000000000000e+00
0.000000000000000000e+00
0.000000000000000000e+00
0.000000000000000000e+00
0.000000000000000000e+00
0.000000000000000000e+00
0.000000000000000000e+00
0.000000000000000000e+00
0.000000000000000000e+00
0.000000000000000000e+00
0.000000000000000000e+00
0.000000000000000000e+00
0.000000000000000000e+00
0.000000000000000000e+00
0.000000000000000000e+00
0.000000000000000000e+00
0.000000000000000000e+00
0.000000000000000000e+00
0.000000000000000000e+00
0.000000000000000000e+00
0.000000000000000000e+00
0.000000000000000000e+00
0.000000000000000000e+00
0.000000000000000000e+00
0.000000000000000000e+00
0.000000000000000000e+00
0.000000000000000000e+00
0.000000000000000000e+00
0.000000000000000000e+00
0.000000000000000000e+00
0.000000000000000000e+00
0.000000000000000000e+00
0.000000000000000000e+00
0.000000000000000000e+00
0.000000000000000000e+00
0.000000000000000000e+00
0.000000000000000000e+00
0.000000000000000000e+00
0.000000000000000000e+00
0.000000000000000000e+00
0.000000000000000000e+00
0.000000000000000000e+00
0.000000000000000000e+00
0.000000000000000000e+00
0.000000000000000000e+00
0.000000000000000000e+00
0.000000000000000000e+00
0.000000000000000000e+00
0.000000000000000000e+00
0.000000000000000000e+00
0.000000000000000000e+00
0.000000000000000000e+00
0.000000000000000000e+00
0.000000000000000000e+00
0.000000000000000000e+00
0.000000000000000000e+00
0.000000000000000000e+00
0.000000000000000000e+00
0.000000000000000000e+00
0.000000000000000000e+00
0.000000000000000000e+00
0.000000000000000000e+00
0.000000000000000000e+00
0.000000000000000000e+00
0.000000000000000000e+00
0.000000000000000000e+00
0.000000000000000000e+00
0.000000000000000000e+00
0.000000000000000000e+00
0.000000000000000000e+00
0.000000000000000000e+00
0.000000000000000000e+00
0.000000000000000000e+00
0.000000000000000000e+00
0.000000000000000000e+00
0.000000000000000000e+00
0.000000000000000000e+00
0.000000000000000000e+00
0.000000000000000000e+00
0.000000000000000000e+00
0.000000000000000000e+00
0.000000000000000000e+00
0.000000000000000000e+00
0.000000000000000000e+00
0.000000000000000000e+00
0.000000000000000000e+00
0.000000000000000000e+00
0.000000000000000000e+00
0.000000000000000000e+00
0.000000000000000000e+00
0.000000000000000000e+00
0.000000000000000000e+00
0.000000000000000000e+00
0.000000000000000000e+00
0.000000000000000000e+00
0.000000000000000000e+00
0.000000000000000000e+00
0.000000000000000000e+00
0.000000000000000000e+00
0.000000000000000000e+00
0.000000000000000000e+00
0.000000000000000000e+00
0.000000000000000000e+00
0.000000000000000000e+00
0.000000000000000000e+00
0.000000000000000000e+00
0.000000000000000000e+00
0.000000000000000000e+00
0.000000000000000000e+00
0.000000000000000000e+00
0.000000000000000000e+00
0.000000000000000000e+00
0.000000000000000000e+00
0.000000000000000000e+00
0.000000000000000000e+00
0.000000000000000000e+00
0.000000000000000000e+00
0.000000000000000000e+00
0.000000000000000000e+00
0.000000000000000000e+00
0.000000000000000000e+00
0.000000000000000000e+00
0.000000000000000000e+00
0.000000000000000000e+00
0.000000000000000000e+00
0.000000000000000000e+00
0.000000000000000000e+00
0.000000000000000000e+00
0.000000000000000000e+00
0.000000000000000000e+00
0.000000000000000000e+00
0.000000000000000000e+00
0.000000000000000000e+00
0.000000000000000000e+00
0.000000000000000000e+00
0.000000000000000000e+00
0.000000000000000000e+00
0.000000000000000000e+00
0.000000000000000000e+00
0.000000000000000000e+00
0.000000000000000000e+00
0.000000000000000000e+00
0.000000000000000000e+00
0.000000000000000000e+00
0.000000000000000000e+00
0.000000000000000000e+00
0.000000000000000000e+00
0.000000000000000000e+00
0.000000000000000000e+00
0.000000000000000000e+00
0.000000000000000000e+00
0.000000000000000000e+00
0.000000000000000000e+00
0.000000000000000000e+00
0.000000000000000000e+00
0.000000000000000000e+00
0.000000000000000000e+00
0.000000000000000000e+00
0.000000000000000000e+00
0.000000000000000000e+00
0.000000000000000000e+00
0.000000000000000000e+00
0.000000000000000000e+00
0.000000000000000000e+00
0.000000000000000000e+00
0.000000000000000000e+00
0.000000000000000000e+00
0.000000000000000000e+00
0.000000000000000000e+00
0.000000000000000000e+00
0.000000000000000000e+00
0.000000000000000000e+00
0.000000000000000000e+00
0.000000000000000000e+00
0.000000000000000000e+00
0.000000000000000000e+00
0.000000000000000000e+00
0.000000000000000000e+00
0.000000000000000000e+00
0.000000000000000000e+00
0.000000000000000000e+00
0.000000000000000000e+00
0.000000000000000000e+00
0.000000000000000000e+00
0.000000000000000000e+00
0.000000000000000000e+00
0.000000000000000000e+00
0.000000000000000000e+00
0.000000000000000000e+00
0.000000000000000000e+00
0.000000000000000000e+00
0.000000000000000000e+00
0.000000000000000000e+00
0.000000000000000000e+00
0.000000000000000000e+00
0.000000000000000000e+00
0.000000000000000000e+00
0.000000000000000000e+00
0.000000000000000000e+00
0.000000000000000000e+00
0.000000000000000000e+00
0.000000000000000000e+00
0.000000000000000000e+00
0.000000000000000000e+00
0.000000000000000000e+00
0.000000000000000000e+00
0.000000000000000000e+00
0.000000000000000000e+00
0.000000000000000000e+00
0.000000000000000000e+00
0.000000000000000000e+00
0.000000000000000000e+00
0.000000000000000000e+00
0.000000000000000000e+00
0.000000000000000000e+00
0.000000000000000000e+00
0.000000000000000000e+00
0.000000000000000000e+00
0.000000000000000000e+00
0.000000000000000000e+00
0.000000000000000000e+00
0.000000000000000000e+00
0.000000000000000000e+00
0.000000000000000000e+00
0.000000000000000000e+00
0.000000000000000000e+00
0.000000000000000000e+00
0.000000000000000000e+00
0.000000000000000000e+00
0.000000000000000000e+00
0.000000000000000000e+00
0.000000000000000000e+00
0.000000000000000000e+00
0.000000000000000000e+00
0.000000000000000000e+00
0.000000000000000000e+00
0.000000000000000000e+00
0.000000000000000000e+00
0.000000000000000000e+00
0.000000000000000000e+00
0.000000000000000000e+00
0.000000000000000000e+00
0.000000000000000000e+00
0.000000000000000000e+00
0.000000000000000000e+00
0.000000000000000000e+00
0.000000000000000000e+00
0.000000000000000000e+00
0.000000000000000000e+00
0.000000000000000000e+00
0.000000000000000000e+00
0.000000000000000000e+00
0.000000000000000000e+00
0.000000000000000000e+00
0.000000000000000000e+00
0.000000000000000000e+00
0.000000000000000000e+00
0.000000000000000000e+00
0.000000000000000000e+00
0.000000000000000000e+00
0.000000000000000000e+00
0.000000000000000000e+00
0.000000000000000000e+00
0.000000000000000000e+00
0.000000000000000000e+00
0.000000000000000000e+00
0.000000000000000000e+00
0.000000000000000000e+00
0.000000000000000000e+00
0.000000000000000000e+00
0.000000000000000000e+00
0.000000000000000000e+00
0.000000000000000000e+00
0.000000000000000000e+00
0.000000000000000000e+00
0.000000000000000000e+00
0.000000000000000000e+00
0.000000000000000000e+00
0.000000000000000000e+00
0.000000000000000000e+00
0.000000000000000000e+00
0.000000000000000000e+00
0.000000000000000000e+00
0.000000000000000000e+00
0.000000000000000000e+00
0.000000000000000000e+00
0.000000000000000000e+00
0.000000000000000000e+00
0.000000000000000000e+00
0.000000000000000000e+00
0.000000000000000000e+00
0.000000000000000000e+00
0.000000000000000000e+00
0.000000000000000000e+00
0.000000000000000000e+00
0.000000000000000000e+00
0.000000000000000000e+00
0.000000000000000000e+00
0.000000000000000000e+00
0.000000000000000000e+00
0.000000000000000000e+00
0.000000000000000000e+00
0.000000000000000000e+00
0.000000000000000000e+00
0.000000000000000000e+00
0.000000000000000000e+00
0.000000000000000000e+00
0.000000000000000000e+00
0.000000000000000000e+00
0.000000000000000000e+00
0.000000000000000000e+00
0.000000000000000000e+00
0.000000000000000000e+00
0.000000000000000000e+00
0.000000000000000000e+00
0.000000000000000000e+00
0.000000000000000000e+00
0.000000000000000000e+00
0.000000000000000000e+00
0.000000000000000000e+00
0.000000000000000000e+00
0.000000000000000000e+00
0.000000000000000000e+00
0.000000000000000000e+00
nan
